1	2	1	1	1	0	0	2.384	2.085	3.755	1.002	1.387
1	2	1	1	1	1	1	2.193	0.997	3.444	3.869	2.474
1	5	1	0	0	0	1	7.702	4.255	10.264	6.89	1.554
1	4	1	1	1	1	1	3.044	1.698	0.765	2.318	8.17
1	1	1	0	1	0	1	2.074	6.659	0.263	3.482	0.378
1	5	0	0	0	0	0	2.969	6.503	0.148	3.25	3.362
1	2	1	1	0	0	1	3.508	6.698	2.896	0.148	0.612
1	4	1	1	1	0	1	2.81	1.037	1.231	3.478	0.108
1	2	0	0	1	1	1	2.572	0.303	1.581	6.193	0.224
1	1	1	1	0	0	1	8.387	3.452	1.386	2.939	0.223
1	5	0	0	0	1	1	6.608	1.504	2.861	0.148	0.183
1	3	1	0	0	1	1	5.519	3.017	0.261	1.234	0.535
1	4	0	1	0	0	1	10.127	0.581	8.828	1.079	3.79
1	4	1	0	0	0	0	1.716	1	0.881	0.187	5.809
1	2	0	0	0	0	1	5.141	0.148	0.38	0.148	0.032
1	2	1	1	1	1	1	5.707	1.156	1.193	0.765	0.96
1	2	1	1	1	1	1	2.064	0.881	0.765	0.65	0.65
1	3	1	0	0	0	1	1.634	0.69	3.094	1.659	0.727
1	4	0	0	1	0	0	5.317	0.108	6.31	2.937	2.59
1	3	1	0	0	1	1	4.5	3.404	0.145	0.187	0.963
1	1	1	1	1	1	1	2.448	0.844	1.117	0.923	0.805
1	2	1	1	1	1	1	2.753	1.037	3.442	0.881	0.611
1	1	0	0	0	1	1	6.085	1.308	0.42	0.3	0.272
1	3	1	1	1	1	1	1.981	0.339	0.263	0.572	0.38
1	1	1	1	1	1	1	1.867	1.078	4.137	4.451	0.268
1	5	1	1	0	0	1	2.988	0.263	2.435	0.148	1.037
1	3	1	1	1	1	1	1.856	0.658	1.424	0.614	0.534
1	1	1	1	0	1	1	2.943	1.426	5.339	0.96	0.068
1	3	1	1	1	1	1	1.367	0.692	0.611	0.575	1.852
1	4	1	1	1	1	1	4.957	0.765	0.574	0.339	0.806
1	2	1	1	1	1	1	2.632	1.038	1.348	0.96	0.574
1	1	1	1	1	1	1	1.275	0.379	0.356	0.338	0.536
1	5	1	1	1	1	1	1.242	0.691	0.459	0.419	0.42
1	4	1	1	1	1	1	1.158	0.726	0.652	0.611	0.688
1	4	1	1	0	0	1	2.593	0.224	1.152	0.339	0.313
1	5	1	1	1	1	1	1.317	0.379	0.38	0.263	0.534
1	2	1	1	1	1	1	6.232	0.458	0.923	0.414	0.766
1	3	0	0	1	1	1	7.237	0.494	0.534	0.339	0.456
1	5	1	0	0	0	1	5.766	5.142	0.807	0.108	0.108
1	1	1	1	0	0	1	3.052	2.315	0.651	0.188	0.148
1	5	1	1	1	1	1	1.698	0.068	0.766	0.068	1.966
1	1	1	0	0	1	1	2.393	4.253	0.108	0.69	0.108
1	1	1	1	1	1	1	1.206	0.38	0.884	0.183	0.148
1	5	1	1	1	1	0	1.082	0.147	0.223	0.379	0.574
1	3	1	1	1	0	1	1.344	0.069	0.148	0.303	0.611
1	5	1	1	1	1	1	2.203	0.303	1.268	0.264	0.338
1	4	1	1	0	0	1	0.611	0.612	2.478	0.535	0.766
1	4	1	1	1	1	1	2.896	0.651	1.036	0.108	1.038
1	4	1	1	1	1	1	0.416	0.803	0.575	0.38	0.767
1	5	0	1	1	1	1	2.474	1.231	0.533	0.379	2.315
1	3	1	0	1	1	0	3.208	3.439	0.108	0.223	0.148
1	3	1	1	1	1	1	1.151	0.419	0.456	0.344	0.765
1	1	1	1	1	1	1	1.266	0.459	0.304	0.303	1.193
1	3	1	1	1	1	1	1.149	0.455	0.726	0.38	0.416
1	2	1	1	1	0	1	2.546	0.185	0.223	0.187	1.309
2	5	1	1	0	0	1	2.446	0.648	0.05	2.895	2.51
2	3	1	1	1	0	1	3.031	0.532	0.65	0.536	4.253
2	1	1	0	1	0	0	2.681	0.688	1.539	1.077	3.903
2	4	1	1	0	1	1	2.916	1.153	0.381	0.34	0.884
2	3	1	1	1	1	1	1.519	1.075	0.767	0.802	0.959
2	4	0	0	0	0	0	1.715	2.466	3.198	2.633	0.919
2	3	1	1	1	1	1	1.677	0.656	0.509	0.843	0.34
2	2	1	1	1	1	1	2.722	0.883	0.92	0.687	0.768
2	5	1	1	1	1	0	2.651	0.763	1.927	0.379	1.155
2	3	1	1	1	1	1	2.409	0.473	0.96	0.496	0.419
2	3	1	1	1	1	1	2.254	0.38	0.299	0.647	0.611
2	3	0	1	1	1	1	4.04	0.148	4.057	0.884	0.921
2	1	1	1	1	1	1	2.292	0.299	0.767	0.96	0.843
2	4	1	1	1	1	1	2.217	0.764	0.496	0.728	0.729
2	2	1	1	1	1	1	3.277	1.036	0.611	0.764	0.341
2	4	1	1	1	1	1	2.18	0.379	0.96	0.416	0.611
2	3	1	1	1	1	1	2.223	0.416	0.302	0.148	0.532
2	2	1	1	1	1	1	2.761	0.225	0.648	0.262	0.69
2	5	1	1	1	1	0	3.306	0.416	0.183	0.184	0.647
2	5	1	1	0	0	1	2.65	0.531	0.416	0.033	0.727
2	1	0	1	0	0	1	3.073	0.184	0.957	0.428	0.299
2	4	1	1	1	1	1	1.485	0.571	0.497	0.608	0.58
2	3	1	1	1	1	1	1.638	0.496	0.415	0.496	0.496
2	4	1	1	1	1	1	1.482	0.96	1	0.495	0.38
2	5	1	0	0	0	1	4.789	1.075	1.306	0.3	0.613
2	2	1	1	1	1	1	1.678	0.763	1	0.264	0.415
2	2	1	1	1	1	1	1.679	0.299	0.223	0.339	0.224
2	3	0	0	0	0	1	1.721	0.96	0.61	0.303	0.416
2	5	1	1	1	1	1	1.893	0.419	2.08	0.341	0.613
2	2	1	1	1	1	1	2.648	0.38	0.339	0.38	0.3
2	5	0	1	0	0	0	5.291	0.804	0.843	1.035	1.036
2	1	1	1	0	0	1	3	0.88	0.3	0.534	0.571
2	2	1	1	1	1	1	1.873	0.804	0.341	0.804	0.264
2	3	1	1	1	1	1	2.07	0.185	0.379	0.495	0.341
2	5	1	0	0	0	0	2.268	0.688	0.689	0.455	0.299
2	1	1	1	1	1	1	3.386	0.381	0.612	0.184	0.497
2	4	1	1	1	1	1	1.444	0.5	0.349	0.34	0.3
2	2	0	1	1	0	1	4.043	0.531	0.884	0.686	0.415
2	1	1	1	1	1	1	2.063	0.612	0.457	0.687	0.495
2	1	1	1	1	1	1	2.57	0.264	1.463	0.264	0.226
2	2	1	1	1	1	1	1.564	0.416	0.379	0.38	0.3
2	2	1	1	1	1	1	2.412	0.416	0.959	0.612	0.416
2	1	1	1	1	1	0	1.921	0.032	0.068	0.225	0.144
2	1	1	1	1	1	0	1.913	0.224	1.62	0.571	2.742
2	2	1	1	1	1	1	2.571	0.108	0.573	0.223	0.3
2	5	1	1	1	1	1	1.57	0.341	0.612	0.532	0.571
2	5	1	1	1	0	1	1.489	0.339	0.34	0.456	0.494
2	4	1	1	0	0	1	1.524	0.148	0.145	0.148	0.108
2	4	1	1	1	1	1	1.445	0.416	0.455	0.378	1.035
2	4	1	1	0	1	1	1.444	0.844	0.228	1.306	0.92
2	3	1	1	1	1	1	1.753	1.154	0.299	0.224	0.148
2	1	1	1	0	1	0	1.989	0.312	0.456	0.38	0.148
2	5	0	0	0	1	0	1.951	0.532	0.457	0.223	0.92
2	4	1	1	0	1	0	1.6	2.044	0.803	0.184	0.495
2	1	1	1	1	1	0	1.562	0.224	0.183	0.264	0.068
3	5	1	1	1	1	1	4.929	0.497	0.651	0.774	1.237
3	5	1	0	0	1	1	4.394	15.308	2.51	0.651	1.231
3	4	1	1	1	1	1	2.493	0.339	0.34	1.775	0.845
3	5	1	1	1	0	1	5.832	3.594	3.441	0.343	4.448
3	5	1	1	1	1	1	4.089	0.962	0.923	0.765	1.114
3	3	1	1	1	1	1	4.048	1.076	1.037	0.844	0.727
3	1	1	1	0	0	1	2.731	1.194	1.735	1.462	1.074
3	2	1	1	1	1	1	3.546	0.651	0.651	0.805	0.69
3	3	1	1	1	1	1	3.118	0.922	0.689	0.65	0.419
3	3	1	1	1	1	1	9.009	1.775	1	1.118	0.649
3	4	1	1	1	1	1	2.194	1.036	1.001	0.805	0.924
3	3	1	1	1	1	1	3.743	0.924	1	0.688	0.65
3	2	1	1	1	1	1	5.1	1.075	0.689	0.496	0.264
3	2	1	1	1	1	1	3.159	0.805	1.851	0.536	0.534
3	1	1	1	1	1	1	3.025	0.148	0.767	0.495	0.494
3	2	1	1	1	1	1	5.874	0.419	0.805	0.728	0.493
3	3	1	0	0	1	1	4.014	6.348	3.992	0.611	0.496
3	3	0	0	0	0	0	8.709	1.928	1.698	0.806	0.574
3	1	1	1	1	1	1	3.277	0.612	0.734	0.65	0.649
3	5	1	1	1	0	0	4.293	0.614	0.423	5.107	0.378
3	1	1	1	1	1	1	4.685	0.61	2.241	0.535	0.65
3	2	1	1	1	1	1	4.321	1.308	0.854	0.766	0.69
3	1	1	1	1	1	1	3.974	1.075	1.233	1.581	0.691
3	4	0	0	1	1	1	3.313	2.16	6.233	0.303	0.921
3	3	1	1	1	1	1	6.685	4.101	1.541	1.233	1.044
3	5	1	1	1	1	1	4.633	1.155	2.859	1.696	0.339
3	2	1	1	1	1	1	2.153	0.379	0.455	0.962	0.495
3	3	1	1	1	1	1	2.685	0.264	0.496	0.419	0.419
3	4	1	1	1	1	1	3.125	0.687	0.418	0.69	0.183
3	4	1	1	1	1	1	1.944	0.922	1.114	0.923	1.113
3	5	1	1	1	1	1	3.653	4.759	1.542	0.726	0.571
3	3	1	1	1	1	1	2.451	0.504	0.57	0.574	0.418
3	1	1	1	1	1	1	4.696	1.579	1.077	1.811	0.612
3	1	1	1	1	1	1	6.747	0.34	0.766	0.419	0.65
3	5	1	1	1	1	1	6.131	0.571	0.923	0.768	0.57
3	4	1	1	1	1	1	2.791	0.381	0.339	0.26	0.148
3	1	1	1	1	1	1	2.987	0.376	0.495	0.455	0.34
3	1	1	1	1	1	1	6.704	0.148	0.34	0.263	0.152
3	4	1	1	1	1	1	2.942	0.534	0.613	0.61	0.454
3	1	1	1	1	1	1	3.328	0.726	0.61	0.456	0.341
3	4	1	1	1	1	1	3.988	0.922	1.152	0.959	0.688
3	5	1	1	1	1	1	4.106	0.958	1.386	0.263	0.299
3	2	1	1	1	1	1	4.816	0.267	1.229	0.299	0.575
3	2	1	1	1	1	1	3.637	0.264	0.922	0.223	0.223
3	1	1	1	1	1	1	8.058	3.177	1.039	0.532	0.381
3	3	1	1	1	1	1	4.1	0.38	1.194	0.963	0.496
3	2	1	1	1	1	1	2.592	0.571	0.419	0.532	0.308
3	2	1	1	1	1	1	3.249	0.224	0.421	1.387	0.339
3	4	1	1	1	1	1	2.32	0.263	0.923	5.803	0.57
3	5	1	1	1	1	1	2.246	0.536	0.496	1.426	0.303
3	4	1	1	1	1	1	1.851	0.772	0.419	0.61	0.416
3	5	1	1	1	1	1	4.377	1.115	0.843	0.959	0.959
3	3	1	1	1	1	1	3.28	0.532	0.998	0.687	0.883
3	4	1	1	1	1	1	3.516	0.379	0.766	0.765	0.423
3	2	1	1	1	1	1	6.304	1.697	0.846	0.456	0.183
4	4	1	1	0	0	1	3.116	0.881	6.345	0.998	0.726
4	1	1	1	1	0	1	1.85	0.882	3.366	6.188	0.534
4	4	1	1	1	1	1	1.815	2.471	0.886	6.15	0.69
4	1	1	1	1	1	1	1.779	1.694	1.887	3.129	0.922
4	3	1	1	1	1	1	2.051	0.727	1.821	0.611	1.038
4	2	1	0	1	1	1	1.589	0.494	1.231	9.95	3.052
4	2	1	1	1	1	1	1.469	0.303	0.38	0.379	0.303
4	5	1	1	1	1	0	3.301	1.66	0.571	0.535	7.896
4	1	1	1	0	1	1	1.862	0.456	4.175	0.803	0.494
4	1	1	1	1	0	0	1.554	0.224	0.34	20.723	0.108
4	3	1	1	1	1	1	1.63	0.379	0.416	0.379	0.339
4	3	1	1	1	1	1	1.981	0.419	0.61	0.611	0.651
4	5	1	1	1	1	1	1.756	0.419	0.766	0.611	0.536
4	2	1	1	1	1	1	2.253	0.38	1.037	0.999	0.068
4	3	1	1	1	1	1	3.747	2.085	1.659	5.504	0.184
4	2	1	1	1	1	1	2.065	0.571	6.734	0.148	0.3
4	1	1	1	1	1	1	2.529	0.495	0.379	0.495	4.488
4	2	1	1	1	0	0	2.03	1.077	4.913	5.378	0.068
4	5	1	1	1	1	1	1.41	0.418	1.268	0.354	0.228
4	4	1	1	1	1	1	1.681	0.227	0.611	0.148	0.767
4	1	1	1	1	1	1	1.64	0.691	0.456	0.42	0.34
4	1	1	1	0	0	1	2.609	0.772	5.457	1.656	0.415
4	5	1	1	1	1	1	2.032	0.339	0.379	0.843	0.455
4	3	1	1	1	1	1	1.913	0.38	0.224	0.339	0.263
4	1	0	0	0	1	1	2.648	2.626	5.921	0.999	0.535
4	2	1	1	1	1	1	2.219	0.303	0.85	0.26	0.183
4	4	1	1	1	1	1	2.528	0.693	0.42	0.312	0.303
4	1	1	1	1	1	1	2.298	0.339	1.386	6.501	0.108
4	4	1	1	1	0	0	2.269	0.571	3.519	2.667	0.263
4	4	1	1	1	1	1	2.101	0.419	0.3	0.299	0.223
4	3	0	0	1	1	1	23.99	0.455	0.264	0.148	0.184
4	5	1	1	1	1	1	1.559	0.303	0.228	0.223	0.806
4	4	0	0	1	1	1	7.716	0.345	0.612	3.169	1.074
4	5	1	1	1	1	1	1.75	3.364	1.114	0.649	2.005
4	5	1	1	1	1	1	1.476	0.224	0.765	0.303	0.533
4	3	1	1	1	1	1	1.935	0.183	0.962	0.727	2.743
4	5	1	1	1	1	1	1.592	0.728	0.651	0.959	0.381
4	3	1	1	1	1	0	2.88	1.114	0.652	1.504	3.283
4	5	1	1	1	1	1	1.858	0.767	2.355	2.087	0.303
4	2	1	0	1	1	0	1.933	0.299	0.313	0.339	2.122
4	1	1	1	1	1	1	1.854	0.379	0.457	0.379	0.419
4	3	1	1	1	1	0	2.163	0.419	0.743	2.044	7.004
4	5	1	1	1	1	1	1.56	0.534	1.58	0.777	0.263
4	1	1	1	1	1	1	1.697	0.535	0.574	0.611	0.572
4	4	0	0	0	1	1	6.463	0.532	7.469	0.571	0.3
4	2	1	1	1	1	1	2.045	0.495	0.495	0.882	0.302
4	2	1	1	1	1	1	1.696	0.503	1.232	0.223	0.34
4	4	1	1	1	1	1	2.238	0.302	0.653	0.456	0.184
4	4	1	1	1	1	1	2.274	0.379	0.842	0.456	2.394
4	2	1	1	1	1	1	1.693	0.571	0.455	0.535	0.339
4	5	1	0	0	1	1	1.926	4.33	0.416	0.378	0.308
4	2	1	1	1	1	1	1.806	0.339	0.34	0.842	0.687
4	3	1	1	1	1	0	2.849	0.494	0.958	0.574	6.148
4	4	1	1	1	1	1	1.883	0.454	0.303	0.264	0.299
4	3	1	1	0	1	1	2.076	0.495	8.988	2.355	5.143
5	1	1	0	1	0	1	9.254	2.509	1.46	11.44	0.569
5	3	1	1	1	1	1	3.231	1.924	3.78	1.267	2.465
5	3	1	1	1	1	1	2.189	0.879	3.861	0.879	0.223
5	4	1	1	0	0	0	11.513	1.075	1.499	18.911	16.048
5	1	1	1	1	1	1	3.238	0.263	0.376	2.624	0.763
5	3	1	0	0	1	1	2.541	2.117	0.65	1.075	0.647
5	4	1	1	0	0	1	10.938	3.743	2.697	0.997	9.043
5	3	0	0	1	1	1	9.043	7.963	3.51	1.268	1.731
5	5	1	1	1	1	1	2.199	1.579	0.88	1.386	4.286
5	2	1	1	1	0	1	10.051	1.507	1.85	13.69	1.228
5	4	0	1	1	1	0	7.035	0.804	1.035	0.689	12.724
5	2	0	0	0	0	0	15.311	5.758	4.594	1.228	0.153
5	5	1	1	1	1	1	2.822	1.113	4.868	0.884	8.505
5	4	1	1	1	1	1	2.007	1.578	1.19	1.464	3.472
5	3	1	1	1	1	1	2.789	4.133	1.499	1.422	1.926
5	1	1	1	1	1	1	2.509	0.376	0.223	0.727	0.455
5	1	1	1	1	1	1	4.868	1.076	1.307	7.228	1.422
5	2	1	1	1	1	0	2.081	0.572	0.416	4.711	17.793
5	2	1	1	1	1	1	4.019	2.082	0.959	1.618	0.57
5	1	1	1	1	1	1	2.662	3.9	1.361	0.919	0.183
5	3	1	1	1	1	1	1.696	0.376	3.007	1.112	0.263
5	3	1	1	1	1	1	3.515	0.263	1.85	1.192	9.939
5	1	1	1	1	1	1	9.012	1.191	0.161	4.481	0.608
5	4	1	1	1	1	1	2.397	0.804	4.325	1.035	0.573
5	2	1	1	1	1	1	8.511	3.008	0.999	1.229	1.771
5	5	1	1	1	1	1	8.67	2.969	1.538	3.978	1.886
5	5	1	1	1	1	1	4.183	2.118	0.385	0.649	0.921
5	1	1	1	1	1	1	2.2	0.503	5.602	1.309	2.701
5	1	1	1	1	1	1	3.954	1.077	0.767	0.843	17.873
5	3	1	1	1	1	1	3.018	6.182	2.35	1.964	5.526
5	1	1	1	1	1	1	2.049	0.919	2.122	0.453	0.648
5	2	1	1	1	1	1	2.089	2.354	2.275	1.811	28.785
5	4	1	1	1	1	1	3.598	0.843	0.729	0.612	0.687
5	4	1	1	1	1	1	2.707	2.7	1.386	0.611	0.728
5	3	1	1	1	1	1	2.359	1.231	7.421	1.654	11.565
5	5	0	0	0	0	0	16.648	0.184	0.919	0.845	0.728
5	5	1	1	1	1	1	2.563	0.883	10.752	1.383	1.694
5	4	1	1	0	1	1	2.242	0.108	0.609	11.062	3.435
5	5	1	1	1	1	1	2.523	0.688	1.77	0.763	0.727
5	4	1	1	1	1	1	2.087	1.694	1.425	0.224	0.766
5	5	1	1	1	1	1	2.483	0.148	1.421	1.036	0.841
5	2	1	1	1	1	1	2.711	0.688	0.92	0.883	8.659
5	2	1	1	1	1	1	2.029	0.339	0.803	0.725	0.495
5	4	1	1	1	1	1	2.323	0.919	3.204	0.61	0.531
5	5	1	1	1	1	1	2.256	1.425	1.735	4.095	1.695
5	2	1	1	1	1	1	2.477	0.959	1.115	0.571	0.573
5	2	1	1	1	1	1	1.971	1.043	1.191	0.648	0.612
5	4	1	1	1	1	1	3.641	0.727	1.308	1.364	0.726
5	3	1	1	1	1	0	2.634	0.537	1.655	0.881	26.116
5	5	1	1	1	1	1	2.094	1.967	4.715	0.416	0.535
5	1	1	1	1	1	1	3.253	0.996	1.657	0.224	0.184
5	1	1	1	1	1	1	1.936	0.301	0.34	1.965	0.767
5	3	1	1	1	1	1	2.167	0.068	19.772	0.224	1.35
5	5	1	1	1	1	1	1.905	0.883	4.211	0.338	30.146
5	2	1	1	1	1	1	1.94	0.303	1.81	0.728	0.419
6	1	1	1	1	1	1	6.212	0.777	0.806	0.764	2.003
6	2	1	1	1	1	1	2.237	0.803	0.92	0.879	0.918
6	5	1	1	1	1	1	1.703	0.726	0.687	0.651	0.686
6	1	1	1	1	1	1	1.347	0.918	0.999	1.89	0.921
6	1	1	1	1	1	1	1.698	0.339	0.377	0.504	0.415
6	5	1	1	1	1	1	1.433	0.766	0.999	0.844	0.767
6	2	1	1	1	1	1	1.781	0.379	0.339	0.38	0.377
6	4	1	1	1	1	1	0.963	0.803	0.61	0.419	0.571
6	2	1	1	1	1	1	1.514	0.495	0.493	0.456	0.88
6	3	1	1	1	1	1	1.627	1.115	0.999	0.919	0.61
6	1	1	1	1	1	1	2.52	0.457	0.572	0.457	0.535
6	1	1	1	1	1	1	1.401	0.843	0.729	0.728	0.688
6	2	1	1	1	1	1	1.595	0.377	0.339	0.148	0.303
6	4	1	1	1	1	1	1.052	0.339	0.419	0.457	0.427
6	4	1	1	0	1	1	0.915	0.377	0.339	0.338	0.299
6	3	1	1	1	1	1	1.515	0.92	0.61	0.573	0.457
6	5	1	1	1	0	1	1.795	0.224	0.417	0.339	0.456
6	2	1	1	1	1	1	1.829	0.918	0.457	0.652	0.457
6	4	1	1	1	1	1	1.022	0.272	0.339	0.496	0.34
6	4	1	1	1	0	0	1.332	0.379	0.649	1.619	1.849
6	3	1	1	1	1	1	1.369	0.419	0.457	0.415	0.419
6	3	1	1	1	1	1	1.181	0.183	0.303	0.185	0.223
6	1	0	0	1	1	1	1.297	1.071	0.998	0.726	0.959
6	3	1	1	1	1	1	1.569	0.419	0.301	0.339	0.299
6	1	1	1	1	1	1	2.654	0.843	0.264	0.303	0.151
6	2	1	1	1	1	1	2.927	0.727	0.534	0.494	0.185
6	5	1	1	1	1	1	1.502	0.183	0.262	0.148	0.108
6	4	1	1	1	1	1	0.49	0.61	0.377	0.532	0.728
6	5	0	0	1	1	1	1.244	0.456	0.348	0.263	3.13
6	2	1	1	1	1	1	1.806	0.148	0.184	0.184	0.192
6	3	1	1	1	1	1	1.344	0.301	0.223	0.185	0.223
6	4	1	1	1	1	1	0.49	0.455	0.416	0.88	0.806
6	4	1	1	1	1	1	0.572	0.148	0.301	0.196	0.11
6	3	1	1	1	0	0	1.926	0.183	0.225	0.263	0.108
6	3	1	1	1	1	1	0.998	0.224	0.108	0.339	0.108
6	4	1	1	1	1	1	0.729	0.148	0.183	0.148	0.185
6	5	1	1	1	1	1	1.236	0.303	0.341	0.648	0.303
6	1	1	1	1	1	1	1.079	0.34	0.263	0.338	0.263
6	5	1	1	1	1	1	1.043	0.226	0.183	1.039	1.039
6	5	0	0	1	1	1	1.239	0.377	0.379	0.571	0.415
6	3	1	1	1	1	1	1.427	0.225	0.263	0.184	0.196
6	5	1	1	1	1	1	1.16	0.377	0.339	0.3	0.343
6	2	1	1	1	1	1	1.217	1.384	0.303	0.225	0.183
6	1	1	1	1	1	1	2.248	0.496	0.339	0.38	0.417
6	3	1	1	1	1	1	1.433	0.532	0.379	0.264	0.38
6	2	1	1	1	1	1	1.28	0.341	0.339	0.299	0.34
6	2	1	1	1	1	1	1.123	0.263	0.183	0.263	0.224
6	3	1	1	1	1	1	1.163	0.224	0.339	0.338	0.299
6	2	1	1	1	1	1	1.167	0.224	0.108	0.148	0.109
6	4	1	1	1	1	1	1.008	0.264	0.264	0.571	0.299
6	5	1	1	1	1	1	1.132	0.38	0.263	0.26	3.827
6	4	1	1	1	1	1	1.245	0.263	0.224	0.184	0.197
6	1	1	1	1	1	1	1.285	3.596	0.224	0.184	0.148
6	5	1	0	0	1	1	1.212	2.702	0.184	0.223	0.148
6	1	1	1	1	1	1	1.243	0.379	1.74	0.223	0.223
7	1	1	1	1	0	0	3.891	0.226	0.574	2.746	0.162
7	5	1	1	1	1	0	2.05	0.225	3.829	11.395	3.445
7	1	1	1	1	0	0	1.929	0.92	0.805	5.342	0.261
7	3	1	0	0	0	0	2.128	7.204	1.153	2.628	0.924
7	4	0	0	0	0	0	8.528	0.106	4.839	0.34	0.184
7	5	1	0	0	0	1	3.452	0.536	0.458	0.194	0.339
7	2	1	1	1	1	0	3.02	0.576	0.613	9.3	2.514
7	2	0	0	1	1	0	6.166	11.238	1.078	1.235	0.302
7	2	1	1	1	0	0	2.945	0.188	0.225	12.094	0.148
7	3	1	1	1	1	1	2.131	0.302	0.425	1.97	0.39
7	1	1	1	1	1	1	1.357	0.147	0.184	0.731	1.348
7	4	1	1	1	1	1	2.097	1.739	0.225	0.304	0.184
7	4	1	1	1	1	1	2.447	2.242	0.534	0.38	0.34
7	4	1	1	1	1	1	2.798	0.34	2.824	0.071	0.416
7	1	1	1	1	1	0	3.669	0.302	1.116	3.482	3.598
7	2	1	1	1	1	1	2.255	0.147	0.187	12.794	0.261
7	4	1	1	1	1	1	1.637	0.224	1.158	0.262	0.184
7	1	1	1	1	1	1	2.762	0.494	3.917	0.343	0.805
7	4	0	0	0	0	0	1.79	0.184	2.359	1.856	0.107
7	3	1	0	0	0	0	3.693	12.987	1.894	0.42	0.762
7	3	1	1	1	1	0	5.591	0.303	8.951	8.097	1.079
7	5	1	1	0	0	0	4.237	3.446	10.893	1.116	4.299
7	5	1	1	0	0	0	1.673	0.302	0.34	4.733	8.526
7	1	1	1	0	0	1	1.826	0.07	1.969	3.058	0.419
7	4	1	1	1	0	1	2.95	0.184	0.303	7.092	0.303
7	4	1	1	1	1	1	1.548	0.147	0.125	7.804	3.405
7	2	1	1	1	1	1	1.624	0.261	1.271	0.224	1.117
7	3	1	1	1	1	1	2.479	0.494	0.614	2.047	0.262
7	1	1	1	0	1	1	2.613	3.84	5.809	0.187	0.226
7	3	1	1	1	1	0	1.818	0.029	0.184	1.193	6.933
7	5	1	1	1	1	1	2.244	0.729	3.988	5.151	0.188
7	2	1	1	1	1	1	1.811	0.884	0.381	4.025	0.147
7	5	1	1	1	1	1	1.466	0.728	0.614	0.261	0.301
7	3	1	1	1	1	1	5.456	0.148	1.272	0.226	1.31
7	4	1	1	1	1	1	1.655	0.303	0.847	0.225	0.777
7	1	1	1	1	0	0	22.748	0.029	3.559	8.407	0.65
7	2	1	1	1	0	0	2.315	0.613	0.807	7.439	0.304
7	4	0	0	0	0	0	8.942	0.769	4.883	0.148	2.204
7	4	1	1	1	1	1	1.499	0.225	0.847	0.261	0.304
7	2	1	1	1	1	1	1.807	0.34	1.736	0.729	0.458
7	1	1	1	1	1	1	1.266	0.34	1.386	1.581	0.417
7	3	1	1	1	0	1	2.352	3.172	0.69	0.379	1.503
7	1	1	1	1	1	0	2.486	1.737	7.604	0.999	2.24
7	1	1	1	1	1	1	3.168	0.147	0.806	0.107	0.225
7	2	1	1	1	1	1	1.189	0.302	0.92	0.535	0.497
7	5	0	0	1	1	0	10.964	0.302	0.65	6.357	0.28
7	5	1	1	1	1	1	1.267	0.921	1.506	0.38	0.845
7	2	1	1	1	1	1	2.736	0.261	0.649	0.224	0.883
7	3	1	1	1	1	1	1.185	0.495	0.536	0.536	0.458
7	5	1	1	1	1	1	1.305	0.572	0.688	0.574	0.381
7	5	1	1	1	1	1	2.126	0.458	0.417	0.38	0.34
7	3	1	1	1	1	1	1.883	0.303	0.339	0.26	0.613
7	2	1	1	1	1	1	2.85	0.3	0.263	1.195	0.339
7	5	0	0	0	0	1	10.646	0.455	0.107	0.649	0.961
7	3	1	1	1	1	1	1.764	0.455	1	0.184	0.494
8	2	0	1	1	0	0	2.734	1.308	1.695	3.558	4.485
8	5	0	0	0	0	0	3.596	2.277	1.659	1.385	2.084
8	2	1	0	0	0	0	3.051	2.472	1.589	0.923	1.657
8	5	1	0	0	0	0	3.753	2.238	2.083	2.508	3.013
8	1	0	0	0	0	0	3.398	2.124	2.008	0.728	1.696
8	1	0	0	0	0	0	3.979	2.043	3.517	1.541	1.346
8	3	0	0	0	0	0	4.29	2.935	2.044	0.919	1.931
8	5	0	0	0	0	0	6.694	2.432	2.317	2.78	4.137
8	5	0	0	0	0	0	5.266	5.299	1.542	5.725	3.139
8	3	0	0	1	0	0	5.186	3.05	5.301	4.019	3.053
8	4	0	0	0	0	0	5.145	1.463	1.619	1.928	1.579
8	1	0	0	0	0	0	5.107	3.17	1.505	5.849	2.624
8	5	0	0	0	0	0	2.941	1.501	1.349	3.478	1.579
8	2	1	0	0	0	0	7.353	1.823	2.626	2.665	1.31
8	1	0	0	1	0	0	6.205	1.077	0.846	0.767	4.833
8	3	1	1	1	0	0	4.02	0.766	3.44	3.516	2.856
8	1	1	1	0	0	0	3.246	3.168	6.654	1.541	1.503
8	5	0	0	0	0	0	3.254	2.934	1.967	3.092	2.705
8	5	0	0	0	1	0	3.871	2.82	1.853	1.541	1.889
8	3	0	0	0	0	0	3.129	1.774	1.58	3.441	2.2
8	2	1	1	0	0	0	2.629	1.23	2.277	1.115	2.006
8	3	0	0	0	0	0	2.625	1.464	0.971	1.385	2.434
8	1	1	1	0	1	0	5.688	1.931	0.734	1.503	1.695
8	5	1	1	1	1	1	2.091	2.122	1.464	1.928	1.465
8	5	1	1	0	0	0	2.706	2.043	2.318	2.214	1.733
8	4	1	1	1	1	1	2.755	2.317	2.355	2.392	1.307
8	1	0	0	0	0	0	4.683	1.501	1.93	1.695	1.619
8	5	1	0	0	0	0	2.09	2.821	1.931	1.892	1.505
8	4	1	0	0	1	1	2.215	2.314	1.232	1.388	1.039
8	2	0	0	0	1	0	2.548	1.772	1.579	1.117	1.698
8	3	1	1	0	0	1	2.392	2.472	2.433	3.361	1.115
8	2	0	0	0	0	1	4.134	2.006	1.62	1.734	1.889
8	2	0	0	0	0	1	2.899	1.889	1.734	1.155	1.308
8	2	1	0	1	0	1	3.129	1.117	1.237	1.19	0.962
8	2	0	0	0	0	1	2.118	2.782	1.732	1.154	1
8	3	0	0	0	1	1	1.85	1.463	1.965	1.114	1.037
8	1	1	1	1	1	1	1.346	1.232	1.85	1.93	1.075
8	3	0	0	0	0	0	5.57	2.2	1.077	1.852	3.593
8	3	0	0	0	1	0	3.671	1.308	0.816	1.271	1.037
8	3	1	0	1	1	1	1.505	0.725	0.765	1.035	1.161
8	2	0	0	1	0	0	1.232	0.69	0.729	0.884	0.536
8	4	0	1	0	0	0	3.129	1.23	0.728	0.65	0.961
8	4	0	0	0	0	1	1.906	1.192	0.693	0.689	0.96
8	4	0	0	0	0	0	1.814	1.038	0.69	0.61	0.65
8	4	0	0	0	0	0	3.361	0.576	1.073	0.533	0.573
8	1	1	1	1	1	1	2.509	0.923	1.077	1.04	0.692
8	1	0	0	0	0	1	2.354	1.039	0.883	0.612	0.652
8	1	0	0	0	0	0	2.313	2.509	1.928	1.038	0.768
8	4	1	0	0	1	1	1.266	1.31	0.959	0.536	1.426
8	2	0	0	0	0	0	1.928	0.571	0.532	0.418	0.496
8	3	0	0	0	0	0	4.132	0.457	0.417	0.458	0.417
8	5	0	0	0	0	0	1.507	1.115	0.57	0.611	0.38
8	4	1	1	0	0	1	1.349	0.651	0.652	0.457	0.458
8	4	0	0	0	0	0	2.2	0.653	0.341	0.377	0.418
8	4	1	0	0	0	1	1.97	0.262	0.302	0.262	1.038
9	2	1	1	1	1	1	2.381	0.921	0.884	0.919	0.765
9	1	1	1	0	0	1	3.745	1.199	1.037	1.073	1.039
9	4	1	1	1	1	1	2.889	1.502	1.268	1.154	0.883
9	3	0	1	0	0	1	4.483	1.114	2.044	0.846	0.69
9	4	0	0	1	1	1	2	0.88	0.922	0.922	0.805
9	5	1	1	0	1	0	2.523	1.076	3.092	1.463	3.13
9	3	1	1	1	1	1	1.848	1.038	1.114	0.881	0.841
9	3	1	0	0	0	0	2.238	1.039	0.958	0.803	0.687
9	2	1	1	1	1	1	2.623	0.727	0.802	0.842	0.726
9	3	0	1	0	1	1	3.4	0.921	1.889	1.384	1.232
9	1	1	1	0	0	1	5.339	1.655	2.703	1.384	1.694
9	3	1	1	1	1	1	3.124	1.697	1.076	2.006	0.455
9	4	1	1	1	1	1	2.082	0.844	0.73	0.765	0.727
9	5	0	0	0	0	1	4.028	0.648	4.061	1.579	0.106
9	3	1	1	1	0	1	2.1	0.65	0.648	4.291	0.339
9	4	1	1	1	1	1	2.167	0.884	0.574	0.688	0.464
9	2	1	1	1	1	1	2.203	0.727	0.729	0.611	0.418
9	5	0	0	1	1	1	5.691	0.919	1.231	0.65	0.69
9	4	1	0	1	1	1	3.093	1.117	0.844	0.651	0.688
9	4	0	1	0	0	1	7.552	0.469	2.163	0.337	0.381
9	2	1	0	0	1	1	3.713	0.534	0.999	0.262	0.611
9	5	0	0	0	1	1	4.649	0.42	0.418	1.114	0.193
9	4	0	1	1	1	1	3.022	0.417	1.273	0.456	0.183
9	3	0	0	0	1	0	3.062	0.498	1.811	0.299	0.419
9	4	0	0	0	0	1	8.947	0.302	0.618	0.688	1.462
9	4	0	0	1	1	1	3.988	0.884	1.812	0.303	1.465
9	3	1	1	1	1	0	2.248	0.417	0.378	0.261	0.495
9	1	1	1	1	1	1	2.498	0.379	0.533	0.999	0.38
9	2	1	0	1	0	1	2.724	0.339	0.573	3.207	0.261
9	5	0	1	0	0	1	1.866	0.38	1.967	0.417	0.65
9	4	0	1	0	1	1	2.831	0.96	0.922	0.184	0.186
9	1	1	0	0	0	1	3.294	0.843	0.417	1.929	2.976
9	2	1	0	0	0	1	2.441	3.285	1.078	0.455	0.34
9	1	0	0	1	1	1	4.34	1.462	1.697	0.302	0.148
9	5	0	0	1	0	1	5.468	0.845	1.075	2.318	0.106
9	2	1	1	0	0	1	4.303	0.354	5.187	0.377	1.631
9	1	1	0	0	0	1	4.11	0.999	0.494	0.34	0.574
9	5	0	1	1	1	1	4.967	0.612	0.454	0.419	0.726
9	5	0	0	1	1	1	4.969	0.92	0.535	0.764	0.458
9	5	0	1	1	0	1	6.479	0.571	1.696	1.231	0.262
9	2	0	1	1	1	0	2.601	0.3	0.417	0.532	2.587
9	3	0	0	0	0	1	4.656	0.844	0.657	1.309	0.147
9	1	0	0	0	0	1	4.707	0.349	0.455	0.417	0.38
9	5	0	0	0	0	1	3.301	0.807	1.503	1.231	0.303
9	2	1	1	1	1	1	2.172	0.417	0.38	0.999	0.768
9	5	1	1	1	1	1	2.101	0.505	0.611	0.573	0.649
9	1	1	1	0	1	1	4.162	0.544	1.503	0.533	0.262
9	3	1	0	0	0	1	4.58	0.07	0.106	0.029	0.106
9	1	0	0	0	1	1	4.422	0.417	0.378	0.262	0.07
9	3	0	0	0	0	1	6.203	0.07	0.532	0.844	1.279
9	1	0	0	0	0	1	4.772	0.454	0.341	0.842	0.862
9	1	0	0	0	0	1	3.414	0.339	0.225	0.455	0.07
9	2	0	1	1	0	1	2.445	0.148	0.148	0.429	2.397
9	4	0	0	0	1	1	3.34	0.07	0.765	0.614	0.417
9	2	0	0	0	0	1	4.81	0.727	0.571	0.184	0.148
10	2	1	1	1	1	1	2.07	0.729	0.768	2.861	1.892
10	3	1	1	1	1	1	2.235	0.687	0.89	0.612	0.689
10	3	1	1	1	1	1	1.421	0.574	0.494	0.533	0.767
10	5	1	0	1	0	1	1.582	0.727	1.505	0.533	0.496
10	5	1	1	0	0	1	1.584	0.301	1	0.107	0.417
10	4	1	1	1	1	1	1.519	0.689	0.844	1.002	0.998
10	4	1	0	0	0	0	3.399	0.844	5.613	0.418	1.271
10	1	1	1	1	1	1	1.694	0.106	0.148	0.145	0.225
10	2	1	0	0	0	1	1.965	0.728	0.186	0.184	2.587
10	2	1	1	1	1	0	1.551	0.106	0.225	5.694	4.18
10	3	0	0	0	1	1	2.089	0.07	0.148	0.147	0.303
10	4	1	1	1	1	1	1.504	0.184	0.689	0.731	0.728
10	1	1	1	1	0	0	1.547	0.495	0.73	6.273	0.884
10	3	1	1	1	1	1	1.699	0.148	0.652	0.922	0.885
10	1	0	0	0	1	1	5.735	2.821	0.147	1.235	0.225
10	5	1	1	1	1	1	1.826	0.34	0.184	0.459	0.418
10	2	1	1	1	1	1	1.508	0.184	0.263	0.574	0.339
10	5	1	1	1	1	1	1.557	0.844	0.417	0.701	0.573
10	4	0	1	0	1	1	2.091	0.34	0.844	0.573	0.727
10	5	1	0	1	0	1	1.321	0.574	0.38	0.381	0.573
10	3	1	1	1	1	0	2.712	0.65	2.163	1.116	4.063
10	5	1	1	1	0	0	1.36	0.573	0.496	3.057	2.514
10	1	1	1	1	1	1	1.475	0.262	0.156	0.184	0.186
10	2	1	0	0	1	1	1.792	0.653	0.459	0.572	0.536
10	1	1	0	0	1	1	1.706	0.225	0.769	0.535	0.264
10	5	0	0	1	1	1	1.905	0.148	0.419	0.613	0.303
10	1	1	1	1	1	1	2.172	0.106	1.774	0.147	0.767
10	4	1	1	1	0	0	4.464	0.108	0.573	0.261	0.157
10	5	1	1	1	1	1	1.966	0.07	0.147	0.766	0.468
10	1	1	0	0	0	1	1.593	0.809	0.418	0.574	3.095
10	5	1	1	1	1	1	1.521	0.38	0.572	1.154	0.536
10	2	1	1	0	0	1	1.903	0.961	2.398	1.079	1.115
10	1	1	1	1	1	1	1.704	0.863	0.769	0.923	0.883
10	1	1	1	1	1	1	1.792	0.348	0.65	0.689	0.808
10	4	1	1	1	1	1	2.409	0.925	0.777	0.925	1.119
10	3	1	1	1	1	1	1.557	0.495	0.77	0.692	0.804
10	3	0	0	1	1	1	1.713	0.885	1.737	0.574	0.73
10	1	1	1	1	1	1	1.91	0.533	0.379	0.73	0.497
10	4	1	0	0	1	1	1.635	0.652	0.653	0.768	0.885
10	4	1	1	0	0	1	1.716	0.731	0.576	0.884	0.843
10	3	1	1	1	1	1	1.561	0.458	0.572	0.844	6.429
10	3	1	1	1	1	1	2.028	2.241	1.274	1.546	1.117
10	2	1	1	1	1	1	2.625	0.847	0.73	0.845	0.805
10	2	1	1	1	1	1	1.525	0.572	0.572	0.65	1.04
10	5	1	1	1	1	1	1.957	0.767	0.963	0.691	0.727
10	4	0	0	0	0	0	3.115	0.614	0.497	1.31	0.303
10	2	1	1	1	1	1	5.21	0.534	1.272	0.963	0.805
10	2	1	1	1	1	1	1.719	0.458	0.339	1	1
10	3	1	1	1	1	1	1.795	0.885	0.692	0.767	0.611
10	1	0	0	1	1	0	2.341	1.001	0.317	0.961	1.351
10	4	1	1	0	1	1	2.068	0.07	1.115	0.923	0.651
10	5	0	0	0	1	1	2.073	0.38	0.652	0.574	0.536
10	4	1	1	1	1	1	1.179	0.535	0.417	0.535	0.612
10	2	1	1	1	1	1	1.684	0.65	0.497	2.28	0.651
10	3	1	1	1	1	1	1.45	0.419	0.381	0.458	0.378
11	1	1	1	0	0	1	2.752	0.922	1.584	1.62	0.961
11	2	1	1	1	1	1	2.768	0.612	1.077	1.157	0.96
11	4	1	1	0	0	0	2.459	0.922	2.008	1.698	0.998
11	3	0	1	0	1	1	3.153	1.541	2.011	1.309	2.163
11	2	1	1	0	1	1	2.651	1.075	2.514	1.502	1.736
11	1	1	1	0	0	1	3.35	0.844	2.513	1.736	1
11	3	1	1	1	1	1	2.19	0.653	1.426	0.611	0.691
11	4	1	1	1	1	1	2.472	0.576	0.729	1.002	0.805
11	3	1	0	0	0	0	3.585	2.36	1.581	2.085	1.895
11	4	1	1	0	0	1	3.278	1.039	2.981	1	1.427
11	4	1	1	1	1	1	2.657	0.575	0.845	0.69	0.458
11	1	1	1	1	1	1	3.282	0.612	0.575	0.649	0.458
11	1	1	1	0	0	1	3.239	1.044	2.359	0.885	1
11	5	1	1	1	0	0	2.941	0.61	1.076	2.592	1.274
11	5	1	0	0	1	1	4.279	1.08	2.902	0.614	1.428
11	3	1	1	1	1	1	3.829	1.156	1.115	0.885	0.845
11	1	1	1	1	1	1	3.01	0.692	0.806	0.65	0.813
11	5	1	1	0	0	0	4.809	0.861	2.907	2.281	2.279
11	4	1	1	1	1	1	4.876	0.418	1.662	0.77	0.729
11	2	1	1	1	1	1	3.792	1.31	1.428	1.076	1.272
11	1	1	1	0	1	1	5.19	1.466	2.862	2.127	0.651
11	1	1	1	1	1	1	3.986	1.157	1.002	0.809	0.769
11	2	1	1	1	1	1	2.823	1.126	0.689	0.649	0.688
11	2	1	1	1	0	1	4.179	0.691	0.806	1.386	0.885
11	5	1	1	1	0	1	3.449	0.847	0.806	0.886	0.766
11	3	1	0	1	0	0	3.33	1.701	0.96	3.136	1.621
11	5	1	1	0	0	0	2.758	1.194	2.012	1.076	1.234
11	4	1	1	0	0	1	4.456	1.464	2.165	0.649	0.339
11	2	1	1	1	1	1	3.434	0.474	0.534	0.533	0.497
11	5	1	1	1	1	1	5.591	3.017	0.806	0.574	0.73
11	2	1	1	1	1	1	3.76	0.379	1.001	0.611	0.61
11	5	0	1	1	1	1	3.689	0.852	1.466	1.077	0.885
11	1	1	1	1	1	1	4.383	0.496	4.727	0.42	0.494
11	3	1	1	1	1	1	6.596	1.856	1.39	0.612	1.196
11	1	1	1	1	0	1	3.532	0.766	0.924	1.933	0.844
11	3	1	1	1	1	1	3.376	0.884	0.731	1.933	2.67
11	3	1	0	0	1	1	3.996	3.254	1.196	0.769	0.611
11	4	1	1	1	1	1	7.525	0.846	2.166	0.533	0.613
11	2	1	1	1	1	1	6.248	2.202	1.547	0.962	0.416
11	3	1	1	1	1	1	5.901	1.077	1.039	0.379	1.157
11	3	0	0	1	1	1	8.814	2.749	2.475	1.119	0.729
11	1	1	1	1	1	1	6.558	1.942	0.691	0.611	0.628
11	4	1	1	1	1	1	9.727	4.766	0.534	1.157	0.614
11	4	1	1	1	1	1	2.099	0.615	0.766	0.921	0.456
11	5	1	1	1	0	1	4.786	0.846	0.884	1.195	0.613
11	2	1	1	0	1	1	5.088	0.536	0.846	0.147	2.052
11	3	0	0	1	1	1	8.594	0.922	0.771	0.421	0.924
11	5	0	1	1	1	1	9.214	2.089	1.507	0.885	0.766
11	5	1	0	0	0	0	7.077	0.267	0.263	0.846	0.459
11	2	1	1	1	1	0	4.275	1.853	1.041	2.129	1.736
11	1	1	1	1	1	1	4.048	0.731	0.886	0.691	0.419
11	4	1	1	1	1	1	3.927	1.854	0.499	0.69	0.184
11	2	0	0	1	0	0	8.122	0.73	2.787	1.119	1.354
11	4	1	1	1	1	1	2.259	0.574	0.535	0.731	0.582
11	5	1	1	1	0	0	4.903	0.729	0.573	1.116	0.263
12	3	1	0	0	1	1	2.026	0.922	2.126	2.28	0.843
12	5	0	0	0	0	1	4.331	0.418	0.536	0.496	0.613
12	5	1	1	1	1	1	2.2	0.883	2.784	0.807	0.417
12	1	1	1	0	0	1	1.339	0.573	2.322	0.501	1.387
12	4	1	1	1	1	1	1.303	1.932	0.923	0.962	0.894
12	4	1	0	0	0	1	2.506	2.747	0.963	0.497	0.186
12	1	1	0	0	0	1	2.893	1.078	0.692	0.613	0.301
12	5	1	1	1	1	1	4.255	0.885	0.808	0.766	0.652
12	5	0	0	0	0	0	4.142	0.377	0.067	0.888	0.342
12	4	0	0	0	1	1	3.205	0.108	0.224	1.232	0.923
12	3	1	0	0	1	0	3.128	1.894	1.274	2.361	1.623
12	3	0	0	1	1	0	3.477	1.078	0.964	0.728	2.009
12	4	0	0	0	0	0	3.674	1.233	3.291	1.234	0.923
12	3	0	1	0	0	0	3.131	0.886	0.882	1.467	0.883
12	2	1	0	0	0	0	2.142	2.708	1.895	1.428	0.883
12	2	1	1	1	0	1	3.717	0.147	0.497	1.933	0.222
12	4	0	0	0	1	1	1.504	0.38	0.378	1.779	0.576
12	2	0	0	0	0	1	2.241	0.417	0.262	0.339	0.613
12	2	1	1	1	1	0	2.28	0.301	0.533	2.008	1.389
12	2	0	0	0	0	0	3.6	0.458	0.339	0.613	1.388
12	1	1	0	0	0	1	2.781	0.649	0.614	0.924	0.342
12	4	0	0	0	0	1	5.035	0.459	0.222	0.147	0.342
12	1	0	0	0	0	0	3.517	0.882	0.649	2.67	0.652
12	5	1	0	0	0	0	3.6	1.813	0.808	1.465	0.808
12	1	0	0	0	0	0	2.623	0.032	1.078	0.768	0.187
12	1	0	0	0	1	0	4.757	1.313	1.119	1.039	0.729
12	5	1	0	1	1	1	2.472	0.532	1.08	0.302	0.612
12	4	0	0	1	0	0	5.764	0.688	0.653	0.614	0.458
12	3	0	0	0	1	0	2.432	0.458	1.194	0.729	2.048
12	3	0	0	1	1	1	1.725	0.418	0.572	0.728	0.85
12	1	0	0	0	0	1	2.304	0.925	0.301	0.924	1.27
12	3	0	1	0	0	0	3.153	1.968	1.477	0.729	0.769
12	4	0	0	0	0	1	1.406	0.342	0.303	1.622	0.768
12	4	0	0	0	1	1	1.4	0.263	0.381	0.688	0.456
12	2	0	0	0	0	1	2.568	0.222	1.282	0.378	0.924
12	5	0	0	0	1	0	2.217	8.098	0.652	0.999	0.381
12	3	0	0	0	0	1	2.757	0.418	0.187	0.262	1.078
12	3	0	0	1	0	0	5.402	0.612	0.262	0.223	0.613
12	4	0	0	0	0	1	4.502	0.418	0.262	0.339	0.342
12	1	0	0	0	0	0	2.638	0.418	0.187	0.147	0.419
12	4	0	0	0	0	0	7.021	0.147	0.262	0.856	0.148
12	2	0	0	0	0	0	2.635	0.533	0.379	0.498	0.302
12	5	0	0	0	0	1	3.741	0.145	0.263	0.107	0.497
12	2	1	1	1	0	1	3.305	0.262	2.434	1.815	0.377
12	3	0	0	0	0	1	2.362	0.457	0.378	0.068	0.108
12	1	0	0	0	0	0	2.789	0.497	0.032	0.571	0.96
12	5	0	0	0	0	1	2.594	0.343	0.032	0.377	0.925
12	2	1	1	1	1	0	3.833	0.068	0.455	0.301	0.572
12	2	1	0	0	0	0	3.02	0.302	0.147	0.303	0.263
12	2	0	1	0	0	1	2.395	0.377	0.493	0.262	0.883
12	1	0	0	0	0	1	3.557	0.108	0.303	0.302	0.302
12	5	0	0	0	0	0	2.632	0.532	0.067	0.108	0.688
12	3	1	0	0	0	1	2.43	0.883	0.183	0.495	0.2
12	1	0	0	0	0	0	2.623	0.767	0.302	1.124	0.998
12	5	0	1	0	1	1	2.745	0.273	0.187	1.079	0.883
13	2	1	0	0	0	0	5.665	1.038	12.097	2.085	0.148
13	5	1	0	0	0	1	3.7	2.589	8.413	0.96	1.351
13	5	1	0	0	0	0	20.7	6.985	5.967	0.92	1.971
13	1	1	0	1	0	1	3.234	9.886	0.921	4.22	1.313
13	5	0	0	0	0	0	7.425	6.235	1.586	7.947	0.731
13	4	1	0	0	1	0	9.793	7.83	1.619	10.157	0.652
13	4	0	0	0	0	0	10.146	1.582	4.687	0.998	0.69
13	3	0	0	1	1	1	5.257	0.921	0.766	0.459	0.576
13	3	0	0	0	0	1	10.148	0.884	0.934	0.885	0.886
13	1	1	1	0	0	0	1.921	1	3.872	1.235	1.118
13	5	1	1	0	1	0	3.244	0.999	9.188	3.678	2.746
13	1	1	1	1	0	0	1.806	0.93	1.581	1.818	0.921
13	2	0	1	0	1	1	4.833	1.231	2.597	0.844	0.727
13	4	0	0	0	1	1	4.416	0.883	0.615	0.766	0.804
13	5	0	1	0	0	0	4.825	0.65	4.533	2.243	0.574
13	1	0	1	0	0	0	8.954	1.118	4.961	1.116	7.909
13	1	1	0	0	0	0	10.118	0.887	1.627	3.29	0.11
13	3	1	1	1	1	1	2.666	1.622	1.969	0.805	0.806
13	2	1	0	0	0	0	2.822	0.73	0.766	2.126	0.419
13	4	0	0	0	0	1	7.676	1.313	1.428	0.494	0.535
13	2	1	1	1	0	0	2.397	1.195	1.196	2.591	0.766
13	3	1	1	1	1	1	1.7	0.263	0.263	0.263	0.882
13	4	1	0	0	0	0	2.36	0.69	1.736	0.731	0.535
13	5	1	1	1	0	1	2.402	1.037	1.116	2.009	0.925
13	4	0	0	0	0	1	5.39	6.164	0.962	0.535	0.382
13	5	0	0	0	0	1	6.598	0.921	1.817	2.94	0.534
13	2	1	1	1	0	1	3.604	0.999	0.69	6.821	1.74
13	4	0	0	0	0	0	9.275	2.243	5.932	2.32	0.614
13	1	0	0	1	0	0	10.611	0.575	0.77	0.108	0.651
13	2	0	0	0	0	1	12.847	0.885	1.388	4.766	2.786
13	5	1	1	0	0	1	1.786	0.496	1.042	0.806	0.964
13	4	0	0	0	1	1	6.132	12.921	0.419	0.459	0.499
13	3	1	1	1	0	1	2.727	1.196	0.766	2.322	0.885
13	1	0	0	0	0	1	2.251	2.944	2.087	0.614	0.886
13	4	0	0	1	1	1	5.13	0.884	0.846	0.574	0.614
13	4	1	0	0	1	1	4.234	8.61	0.847	0.924	0.846
13	2	0	0	0	1	0	12.077	0.496	2.129	1.661	0.886
13	2	0	0	0	0	0	7.108	6.979	1.003	0.338	0.459
13	3	1	1	1	0	0	3.264	0.925	0.885	1.197	1.193
13	3	1	1	1	1	1	2.721	0.931	0.844	1.001	1.003
13	2	0	0	0	1	0	13.516	0.342	0.42	0.574	4.458
13	1	1	1	0	0	0	3.072	2.242	2.983	4.617	0.652
13	1	0	0	0	0	0	4.097	0.846	0.846	0.188	0.536
13	3	0	0	0	1	1	6.682	0.961	0.936	0.614	0.51
13	1	0	0	0	0	0	8.466	0.924	1.739	0.691	2.397
13	4	0	0	1	1	1	10.731	0.494	0.615	0.766	0.691
13	3	1	1	0	0	1	5.747	0.535	0.379	0.419	0.419
13	2	0	1	0	0	1	3.654	0.73	0.767	0.574	0.535
13	5	0	1	0	0	0	9.204	0.923	0.728	0.69	0.575
13	3	0	0	0	0	1	3.413	0.65	0.612	0.844	0.77
13	5	0	1	0	0	1	5.244	0.077	0.108	0.149	1.076
13	5	1	0	0	0	0	9.431	2.786	0.339	0.459	0.302
13	3	1	1	1	1	1	2.557	0.534	0.263	0.535	0.458
13	2	0	0	0	0	0	6.476	1.273	0.223	0.743	0.303
13	1	0	0	0	0	1	4.805	0.494	0.303	0.767	0.614
14	4	1	1	1	1	1	2.36	1.776	1.777	1.387	0.961
14	2	1	1	0	0	0	4.933	1.041	6.627	0.651	0.844
14	5	1	0	0	0	1	2.075	1.542	10.427	0.301	1.348
14	2	1	1	1	0	1	2.967	1.774	1.39	1.855	1.58
14	3	0	0	0	1	1	1.921	1.507	1.66	1.467	1.157
14	4	1	1	0	0	0	3.511	1.116	3.29	1.934	1.039
14	3	0	0	0	0	0	5.993	1.116	4.258	1.971	0.809
14	5	0	0	0	0	0	3.215	5.309	1.389	0.885	1.04
14	4	0	0	0	0	1	2.233	1.466	1.313	2.046	1.002
14	3	1	1	0	0	1	2.388	1.624	1.037	0.767	1.157
14	2	1	0	0	0	1	3.786	1.348	4.957	0.886	0.807
14	2	0	1	0	0	0	5.221	3.564	1.272	1.582	0.767
14	5	1	1	1	1	1	4.45	2.631	0.924	1.231	0.961
14	1	1	1	1	1	1	2.583	0.885	0.691	0.654	0.769
14	4	1	1	0	1	1	1.904	1.077	2.205	4.261	0.921
14	4	0	0	0	0	0	4.036	1.116	2.979	0.925	0.728
14	1	0	0	0	0	0	6.001	1.429	0.69	1.581	0.808
14	4	1	1	0	0	0	8.76	1.154	2.746	1.039	0.809
14	2	0	0	0	0	0	5.383	1.118	3.793	0.961	0.843
14	3	1	1	1	1	1	2.589	1.192	1.156	0.925	0.69
14	1	1	1	1	1	1	2.357	1.503	0.885	0.961	0.769
14	5	0	0	0	0	1	4.886	1.156	4.068	0.652	0.692
14	2	0	1	0	0	1	4.104	1.041	1.079	0.885	0.65
14	2	0	0	0	0	0	5.24	1.041	1.386	1.037	0.653
14	2	0	0	0	0	0	2.98	1.465	1.079	1.115	0.544
14	5	1	1	1	1	0	4.427	1.235	1.117	1.08	1.815
14	1	0	0	0	0	1	8.223	0.921	1.158	0.765	0.536
14	2	1	1	0	0	0	12.259	1.736	0.886	0.533	0.383
14	3	1	0	0	0	1	2.922	1.543	0.844	0.611	0.536
14	3	0	1	1	1	1	2.864	1.546	1.465	1.281	0.301
14	4	0	0	0	0	1	5.168	0.882	1.816	0.693	0.921
14	5	0	0	0	0	0	3.646	0.885	0.847	1.08	0.768
14	2	1	1	1	1	1	1.782	2.165	0.921	0.769	1.001
14	5	1	1	1	0	1	3.999	0.96	2.826	1.469	0.769
14	2	1	1	1	0	1	2.284	0.961	0.999	0.804	1.349
14	5	1	1	1	1	0	2.181	1.157	1.116	0.533	1.001
14	5	0	0	0	0	1	2.755	1.353	1.04	0.702	0.184
14	1	1	1	1	0	1	6.17	0.925	0.688	3.563	0.575
14	3	0	0	0	0	0	2.597	1.158	1.66	0.729	0.42
14	3	1	1	1	1	1	3.568	1.04	1.002	0.769	0.729
14	3	1	1	1	1	1	1.822	0.96	1.041	0.845	0.611
14	1	0	1	1	1	1	3.299	1.427	1.079	0.458	0.769
14	5	0	0	0	0	1	2.909	0.979	2.553	0.728	0.729
14	3	0	0	0	0	0	5.939	1.314	2.475	2.128	0.614
14	1	1	1	1	1	1	1.668	0.97	1.193	0.766	0.886
14	1	1	1	1	1	1	2.835	1.234	1.078	0.652	0.614
14	5	1	1	0	0	0	4.236	0.727	0.42	0.963	0.149
14	1	1	1	1	1	1	2.719	0.806	1.118	3.06	0.846
14	3	0	0	0	0	0	3.341	0.613	0.96	0.572	1.038
14	4	0	1	0	0	1	1.984	2.049	0.846	3.137	1.193
14	1	1	1	1	1	0	1.984	0.808	0.728	0.846	0.38
14	4	1	0	0	0	1	1.713	0.805	0.848	0.962	0.65
14	4	1	0	1	0	1	5.67	0.73	0.572	0.34	0.922
14	1	1	1	1	0	1	2.295	0.533	0.574	1.776	0.885
14	4	1	0	0	1	1	3.693	1.465	0.612	0.341	2.089
15	1	1	0	0	0	0	8.178	0.183	5.038	2.358	2.321
15	2	1	1	0	0	0	13.153	1.117	10.007	0.458	0.576
15	5	1	0	0	0	1	7.724	13.615	0.263	3.445	1.232
15	1	1	1	1	1	1	9.466	0.418	15.634	3.252	0.148
15	2	1	0	0	0	0	10.788	2.243	4.067	3.251	0.457
15	5	0	0	0	0	1	9.428	0.534	2.515	0.033	1.546
15	3	0	1	0	1	1	10.019	0.187	0.651	0.046	1
15	5	1	1	0	0	0	4.753	1.001	5.349	2.827	0.962
15	4	0	0	1	1	1	10.945	0.575	0.457	0.576	0.853
15	2	1	0	0	0	1	13.274	0.613	7.793	0.223	0.533
15	1	1	0	0	1	1	8.536	0.535	1.04	1.39	1.041
15	2	1	1	0	1	1	14.324	0.34	1.041	0.769	0.884
15	1	0	0	1	1	0	5.977	1.233	2.049	0.224	0.459
15	1	1	0	0	1	1	7.532	0.495	0.459	0.303	0.343
15	1	1	1	0	0	1	6.033	0.77	2.4	0.304	2.436
15	3	1	0	0	0	1	16.298	0.457	1.156	2.561	0.575
15	3	1	1	1	1	1	10.357	0.653	0.418	0.378	0.499
15	4	1	1	0	1	1	4.419	5.62	2.903	1.698	0.728
15	4	0	0	0	1	1	9.654	3.678	0.378	1.197	1.272
15	3	1	1	1	0	0	13.686	0.343	0.263	4.686	0.428
15	5	1	0	0	0	1	6.013	3.562	0.223	0.378	0.339
15	2	0	0	1	1	1	12.092	2.051	0.303	3.717	0.032
15	2	0	0	1	0	0	13.254	21.062	1.505	0.263	0.882
15	5	1	1	1	1	1	3.669	0.962	3.6	1.196	0.339
15	2	0	0	0	1	1	10.532	2.167	7.056	5.698	0.225
15	4	1	1	1	0	1	7.31	5.385	3.599	0.262	1.041
15	3	1	0	0	1	1	9.323	0.575	1.594	0.068	0.961
15	5	0	0	0	1	1	11.501	2.366	2.667	0.378	0.497
15	5	1	1	1	1	1	8.955	5.926	4.3	0.148	0.343
15	3	1	1	1	1	1	9.325	2.514	0.38	0.458	0.885
15	4	0	0	0	0	0	12.153	0.34	3.639	4.61	3.369
15	1	1	1	0	0	0	5.943	1.944	6.006	2.476	0.302
15	1	1	1	1	1	1	5.089	6.158	4.222	0.147	0.263
15	2	1	0	0	1	1	4.27	5.929	0.303	2.395	0.184
15	5	0	0	0	1	1	10.057	0.148	2.395	0.068	0.923
15	4	1	1	0	0	1	4.736	1.853	0.614	1.312	0.185
15	4	1	0	0	0	1	4.073	11.319	1.429	0.222	1.079
15	4	1	1	0	0	0	8.59	8.136	4.144	0.224	2.941
15	3	1	1	1	1	1	7.838	1.735	0.574	0.504	0.766
15	5	1	1	1	0	1	8.381	4.919	0.183	4.182	0.379
15	3	0	0	0	0	1	4.538	1.31	3.094	8.874	1.117
15	2	1	0	1	0	1	13.342	0.38	0.418	0.651	0.727
15	4	1	0	0	1	1	4.048	1.037	1.701	0.069	1.347
15	3	1	1	1	0	1	3.331	1.039	0.535	0.24	0.805
15	1	1	0	0	1	1	6.591	0.42	0.381	0.068	0.379
15	4	1	0	0	0	1	6.548	0.38	0.458	2.514	0.339
15	5	1	1	1	1	1	7.017	0.187	0.225	1.232	0.494
15	1	0	1	1	1	1	9.38	0.341	5.924	0.767	0.068
15	4	0	0	0	0	1	8.604	2.241	0.767	3.52	2.048
15	2	0	0	0	1	1	6.898	0.728	1.505	0.575	1.388
15	5	1	1	0	0	1	14.035	0.885	1.541	0.108	0.729
15	3	1	0	1	0	1	5.15	5.071	3.328	0.576	3.755
15	1	0	0	1	0	0	10.038	1.504	0.611	4.143	0.068
15	3	0	0	0	1	1	7.088	3.173	0.263	2.631	0.455
15	2	0	0	0	1	1	11.511	0.263	2.559	12.554	0.924
16	3	1	0	1	0	0	2.853	1.039	1.119	5.071	0.535
16	3	1	1	1	0	1	3.177	0.962	5.074	2.087	1.309
16	5	1	1	1	0	1	1.94	0.846	1.001	4.375	0.421
16	3	0	0	0	0	0	2.408	0.962	6.198	2.513	0.456
16	4	0	0	0	1	0	3.454	1.389	4.607	5.462	0.846
16	1	1	1	1	0	1	5.201	2.825	3.561	1.778	0.766
16	5	0	0	0	1	1	7.415	1.544	1.006	0.767	0.924
16	4	1	1	0	1	1	4.734	0.615	0.341	0.575	0.652
16	2	0	1	1	0	0	3.841	0.575	0.611	1.699	6.626
16	5	1	1	0	0	1	5.478	0.962	2.165	1.776	0.456
16	1	0	1	1	0	1	4.582	0.611	0.807	1.002	0.495
16	5	1	1	0	0	0	3.734	4.763	3.367	1.272	3.524
16	4	1	0	0	0	0	7.381	5.9	2.126	1.004	5.579
16	2	1	0	0	0	0	2.027	0.651	0.888	3.057	4.414
16	1	0	0	0	0	0	5.771	0.615	0.692	0.46	2.71
16	3	1	0	1	1	1	5.95	0.963	0.962	0.577	0.652
16	3	1	0	1	1	0	5.019	5.123	0.456	0.535	0.732
16	4	1	1	0	0	1	1.991	1.31	8.839	0.379	0.846
16	5	0	0	0	0	1	6.111	0.469	2.125	1.506	0.808
16	1	1	1	0	0	1	2.071	0.808	5.153	0.341	0.615
16	2	0	0	1	1	0	4.398	3.211	0.496	0.34	3.523
16	1	1	1	0	0	1	4.67	0.922	3.989	0.496	0.535
16	1	1	1	1	1	1	1.8	0.611	1.659	2.98	0.495
16	2	1	0	1	0	0	5.798	0.887	0.731	0.692	0.612
16	5	1	1	1	1	1	2.541	0.264	0.456	0.38	0.807
16	4	1	1	0	0	1	2.459	2.282	1.392	3.988	2.553
16	3	1	1	1	1	0	1.995	0.766	1.272	1.778	9.305
16	5	1	1	0	0	0	4.21	0.536	3.679	3.25	0.847
16	5	1	1	1	1	1	2.454	1.195	1.543	3.057	0.188
16	3	1	0	0	1	1	3.549	1.271	5.193	0.339	0.46
16	5	1	1	1	1	1	4.873	3.135	1.003	1.426	1.116
16	1	1	1	1	1	1	4.719	0.806	1.7	0.767	0.847
16	2	1	1	1	1	1	3.594	1.853	4.574	0.848	1.078
16	2	1	1	1	0	1	1.613	2.318	4.144	6.978	0.574
16	4	1	1	1	1	1	1.729	1.391	2.476	0.807	0.727
16	5	1	1	1	1	1	2.278	0.921	0.847	0.651	0.651
16	4	1	1	1	1	1	2.665	2.281	5.868	0.651	0.576
16	2	1	1	0	0	1	3.477	0.767	2.671	6.551	0.455
16	1	1	1	0	1	1	1.344	1.585	15.595	2.204	0.494
16	2	1	1	1	1	1	2.045	1.194	9.658	1.853	0.263
16	3	1	1	1	1	1	1.539	4.729	3.642	0.456	0.924
16	2	1	1	1	1	1	1.657	1.465	4.221	0.652	0.535
16	1	1	1	1	1	1	2.064	0.929	0.768	0.732	0.42
16	4	1	1	1	1	1	1.736	1.234	0.847	2.089	0.768
16	2	1	1	1	0	1	3.091	1.003	1.155	6.822	0.343
16	4	1	1	0	0	0	2.134	6.901	0.225	0.304	21.07
16	4	1	1	1	1	1	2.36	0.46	1.895	0.34	0.237
16	3	1	1	1	1	1	1.717	1.934	2.787	1.387	0.264
16	1	1	1	1	1	1	1.658	0.224	0.263	0.148	0.303
16	3	1	1	1	1	1	1.854	0.458	0.611	0.456	0.496
16	5	1	1	1	1	1	2.669	1.13	2.786	0.496	0.456
16	2	1	1	1	1	1	1.903	0.495	0.612	0.536	0.534
16	3	1	1	1	1	1	2.088	0.848	1.777	29.222	1.387
16	4	1	1	1	1	1	2.169	0.857	1.428	4.961	0.381
16	1	1	1	1	1	1	1.739	5.851	5.116	0.572	0.848
17	4	1	1	1	1	1	2.564	1.154	2.397	1.312	1.077
17	4	1	0	0	1	1	3.546	1.195	31.383	0.303	2.01
17	5	1	1	0	1	1	3.084	1.66	5.894	0.924	0.611
17	2	1	1	1	1	0	2.772	0.86	1.7	1.349	9.849
17	5	1	1	1	1	0	2.851	0.96	1.118	1.192	18.851
17	5	1	1	1	1	0	2.349	1.313	2.125	1.584	7.713
17	2	1	1	1	1	1	2.154	0.501	0.847	0.69	0.65
17	5	1	1	0	0	1	3.205	0.999	4.452	0.807	1.077
17	4	1	1	1	1	1	3.278	0.263	0.925	2.865	14.426
17	4	1	1	1	1	1	2.582	1.078	3.137	1.313	0.962
17	5	0	0	0	0	1	2.895	4.842	10.627	0.887	0.923
17	4	1	1	1	1	1	2.391	1.041	1.167	1.077	1.232
17	4	1	1	1	0	0	2.352	1.388	1.698	4.224	2.787
17	2	1	1	1	0	0	2.466	1.891	1.582	7.288	4.844
17	1	1	1	1	1	1	2.761	0.886	1.43	0.963	0.688
17	5	1	1	1	1	1	3.637	1.053	2.049	1.037	1.195
17	2	1	1	1	1	1	3.206	1.003	1.001	1.117	1.002
17	3	1	1	1	1	1	2.2	1.311	1.31	1.518	1.078
17	2	1	1	0	1	0	1.891	2.092	7.063	2.4	9.658
17	3	1	1	1	1	1	3.792	1.12	1.35	1.078	1.038
17	2	1	1	1	1	1	1.968	0.962	1.235	0.923	0.924
17	1	1	1	1	1	1	3.678	1.116	2.63	2.746	0.884
17	5	1	1	1	1	1	4.065	0.855	1.468	5.591	1.002
17	4	1	1	1	1	1	2.436	1.857	1.821	7.019	0.964
17	2	1	1	1	1	1	2.358	1.311	1.195	3.562	6.278
17	2	1	1	1	1	1	2.203	1.119	1.091	0.962	0.806
17	1	1	1	1	1	1	2.941	1.003	1.156	7.018	0.731
17	2	1	1	1	1	0	3.175	0.925	1.129	0.924	1.549
17	5	1	1	1	1	1	2.546	1.119	2.787	11.44	1.271
17	3	1	1	1	0	0	5.544	1.041	1.311	1.312	1.156
17	3	1	1	1	1	0	3.408	5.505	1.505	5.657	1.972
17	1	1	1	1	1	1	3.952	1.119	1.203	1.313	1.39
17	2	1	1	1	1	1	3.215	1.235	1.274	11.675	0.845
17	1	1	1	1	1	1	2.052	1.119	1.041	0.999	0.923
17	5	1	1	1	0	0	3.448	1.465	1.116	11.485	0.611
17	1	1	0	0	1	1	2.362	7.252	6.318	1.155	0.999
17	1	1	1	0	0	1	2.631	1.349	8.763	3.059	0.961
17	3	0	0	1	0	1	2.752	1.701	1.585	1.663	0.961
17	5	0	0	1	0	0	2.949	1.232	1.542	1.313	11.947
17	1	0	0	0	0	1	8.031	1	5.623	1.235	0.886
17	3	1	0	1	1	1	2.168	0.692	2.204	1.352	1.312
17	2	0	0	0	0	0	34.507	0.768	0.771	0.653	0.418
17	1	1	1	1	0	0	5.646	0.999	1.586	5.66	3.601
17	3	1	1	1	1	1	2.794	1.739	1.349	1.039	0.963
17	3	1	1	1	1	1	2.52	1	0.924	0.929	0.885
17	3	1	1	1	1	1	2.558	0.925	1.468	0.963	0.69
17	1	1	1	1	1	1	1.977	0.961	1.583	0.891	0.848
17	4	1	1	1	1	1	2.252	1.349	1.31	0.965	0.768
17	5	1	1	1	0	1	5.867	1.155	1.236	8.728	0.573
17	4	1	0	0	0	0	1.98	0.923	0.964	0.965	0.767
17	1	1	1	0	0	1	20.07	1.232	1.391	1.391	1.04
17	4	1	1	1	1	1	4.551	1.273	1.234	1.116	1.042
17	3	0	0	1	0	0	19.447	0.96	1.155	1.971	1.738
17	3	1	1	1	1	1	2.247	1.081	0.848	1.039	0.844
17	4	1	1	0	0	1	2.711	1.195	1.156	1.427	1.156
18	3	1	1	1	0	0	1.466	0.69	1.893	1.814	1.465
18	2	1	1	1	0	1	1.673	0.263	1.581	2.901	0.108
18	3	0	0	1	1	1	1.446	0.769	0.42	0.185	0.187
18	4	1	1	0	0	1	1.679	0.496	1.193	0.302	1.272
18	2	0	0	0	0	1	2.415	2.007	0.068	1.349	0.585
18	5	0	0	0	0	0	1.999	1.463	1.506	0.344	3.601
18	5	0	0	0	0	1	3.36	1.194	1.702	4.106	2.981
18	2	0	0	0	1	0	1.722	0.727	1.117	0.494	1.505
18	3	0	0	0	0	1	3.588	1.66	0.068	0.147	0.847
18	1	1	1	0	0	0	2.89	0.032	0.108	0.068	1.39
18	1	1	1	1	1	0	3.162	0.263	1.348	0.546	0.766
18	5	0	1	1	0	1	3.281	0.225	0.727	0.068	0.691
18	5	1	0	0	0	0	2.663	0.846	0.198	0.304	1.814
18	4	1	1	1	0	0	2.505	0.313	0.847	2.007	0.068
18	2	1	1	1	1	1	3.026	0.341	0.651	0.727	0.303
18	1	1	0	1	0	1	2.275	0.98	2.047	0.963	1.235
18	3	1	0	0	0	0	2.199	0.279	0.3	1.661	1.507
18	4	1	0	0	1	1	2.006	4.959	1.904	0.068	0.575
18	1	1	1	1	0	0	1.772	0.263	1.853	0.69	2.515
18	4	1	1	1	0	1	0.997	0.068	0.456	0.19	2.202
18	2	1	1	1	0	1	1.384	0.494	0.846	1.117	0.149
18	3	1	1	1	1	1	1.969	0.188	0.223	0.535	0.147
18	1	1	0	1	1	1	1.856	1.466	0.148	0.108	0.456
18	2	1	1	1	1	1	1.775	0.419	0.576	0.885	0.183
18	3	0	1	1	0	0	1.583	1.348	0.886	0.032	0.922
18	4	1	0	0	0	1	2.01	1.284	0.189	1.816	0.727
18	2	1	1	1	1	1	1.158	0.807	1.042	0.768	0.922
18	5	0	0	0	0	1	2.482	1.197	0.42	3.328	0.495
18	5	1	1	1	0	0	2.926	0.847	1.43	1.349	0.148
18	1	1	1	0	0	0	1.782	0.379	3.992	0.032	2.048
18	3	1	1	0	0	1	3.912	1.077	1.857	1.158	0.614
18	3	0	0	1	1	1	2.674	1.426	2.905	0.807	1.892
18	1	1	1	0	0	1	2.483	0.961	1.507	1.971	0.222
18	1	0	0	1	1	1	1.897	1.117	2.631	1.002	0.381
18	4	1	0	0	1	1	3.1	0.922	0.264	0.188	0.108
18	4	1	1	1	1	1	3.258	0.775	0.923	0.614	0.495
18	4	1	1	1	0	0	1.279	0.458	1.158	0.727	1.051
18	1	1	1	1	0	0	1.547	0.032	0.846	1.154	1.43
18	1	1	1	1	0	1	1.357	0.459	1.585	1.196	0.923
18	3	1	1	1	1	1	1.282	0.263	0.113	0.068	1.972
18	3	1	1	1	1	1	1.669	0.846	2.901	0.268	0.341
18	1	1	0	1	0	1	2.523	1.234	0.461	2.008	0.149
18	5	0	0	0	1	1	2.545	1.002	0.962	0.767	1.038
18	3	1	1	1	1	1	1.515	0.807	0.731	0.807	0.575
18	2	1	1	1	1	1	1.437	0.689	0.69	0.806	1.273
18	5	1	1	1	1	1	3.154	0.886	0.809	0.846	0.615
18	2	1	1	1	0	0	3.844	1.661	1.466	1.117	2.089
18	5	1	0	0	1	1	1.907	0.236	0.729	1.157	0.455
18	4	1	1	0	0	1	2.407	1.194	1.504	4.34	1.117
18	5	1	0	0	0	1	1.792	0.456	1.197	0.615	1.042
18	4	1	1	0	0	1	1.901	1.002	0.575	1.31	0.885
18	2	1	1	1	1	1	1.905	0.691	1.117	0.923	0.729
18	4	0	0	0	0	1	1.67	0.536	1.7	0.42	0.962
18	5	0	0	0	0	0	2.918	1.474	2.09	1.002	1.157
18	2	1	1	1	1	1	2.489	0.766	2.281	1.273	1.202
19	1	1	1	1	1	1	3.308	0.92	1.194	0.958	1.851
19	2	1	1	1	0	0	2.783	0.651	2.084	4.527	0.923
19	5	1	1	1	0	0	6.393	3.903	2.395	1.152	2.21
19	2	0	0	0	0	0	9.097	0.068	5.416	3.206	1.038
19	3	1	1	0	0	0	5.69	10.338	7.314	0.92	0.998
19	3	1	1	0	0	0	5.615	1.155	1.156	0.843	0.959
19	3	1	1	0	0	0	3.522	1.075	7.468	5.028	10.066
19	5	1	1	0	0	0	3.141	0.959	11.343	0.573	3.672
19	4	1	0	1	1	0	7.285	2.317	1.23	3.905	4.178
19	4	1	1	1	0	1	1.551	0.116	5.495	2.78	0.883
19	4	1	0	1	1	1	8.758	0.458	1.54	0.921	0.962
19	5	1	1	1	1	1	2.254	0.959	2.861	0.96	1.775
19	2	1	1	1	1	1	1.901	1.309	1.385	1.31	0.963
19	4	1	1	1	1	1	2.803	0.611	0.844	0.648	0.96
19	1	1	1	1	1	1	3.387	0.729	1.697	2.238	1.126
19	3	1	1	1	1	1	3.528	0.536	1.815	1.23	1.156
19	4	1	1	1	1	0	3.258	0.921	1.31	0.843	1.698
19	1	1	0	1	0	0	5.817	15.222	4.292	23.32	0.882
19	2	1	1	1	1	1	1.94	1.165	1.039	1.191	1.164
19	3	1	0	1	1	1	2.947	4.215	1.617	1.04	4.294
19	5	1	1	1	1	1	1.948	2.431	1.696	1.037	1.074
19	1	1	0	0	0	1	5.126	2.316	6.462	3.442	0.377
19	3	1	1	1	1	1	2.6	0.92	0.574	0.96	0.882
19	3	1	1	1	1	1	3.144	1.62	1.155	1.542	0.96
19	5	1	1	1	0	0	3.694	4.136	3.671	3.249	0.998
19	2	1	0	0	0	1	4.888	5.028	1.153	6.774	0.962
19	4	1	1	1	1	1	2.831	1.036	1	1.389	0.454
19	4	1	1	1	1	1	1.632	0.845	2.009	0.889	1.009
19	3	1	1	1	1	1	3.159	1.078	0.882	1.04	1.04
19	2	1	1	1	0	1	2.992	1.077	0.962	8.906	0.454
19	5	1	0	1	1	1	5.596	2.278	2.434	0.068	1.311
19	4	0	1	0	0	0	6.014	12.587	4.836	1.737	0.108
19	5	1	1	1	1	1	2.686	0.999	1.504	4.373	0.575
19	4	1	1	1	0	0	2.759	4.723	1.58	2.356	1.166
19	5	1	1	0	0	1	5.245	1.037	8.675	0.96	0.882
19	1	1	1	1	1	1	2.022	0.921	2.238	1.037	0.886
19	2	1	1	0	0	0	6.676	0.892	15.301	1.077	0.961
19	3	0	1	1	1	1	31.283	4.914	0.961	0.921	0.458
19	5	1	0	0	0	1	5.243	4.642	2.124	0.961	0.454
19	4	0	0	1	1	1	2.955	6.229	0.418	3.09	0.303
19	1	1	1	1	0	0	2.8	5.92	5.304	7.083	6.775
19	1	1	0	1	1	1	5.514	0.183	1.193	1.308	0.418
19	2	1	0	0	0	0	2.43	2.396	2.75	1.387	0.339
19	2	1	1	0	0	0	5.32	1.116	5.495	0.069	0.032
19	1	0	0	0	1	1	3.733	2.315	3.594	0.187	0.222
19	2	0	1	0	0	0	2.956	6.152	0.108	0.032	1.27
19	5	0	0	0	0	0	3	1.076	1.619	2.665	0.997
19	1	1	1	1	1	1	2.657	0.65	1.699	0.686	0.962
19	1	1	1	1	1	1	2.381	1.774	1.464	0.65	0.419
19	3	0	0	0	0	0	8.852	1.658	0.962	1.502	1.351
19	3	1	1	0	0	1	4.47	0.068	6.348	0.921	0.494
19	4	0	0	1	1	1	10.168	0.147	0.613	1.038	0.223
19	2	0	0	0	0	1	3.379	0.34	4.331	0.582	0.454
19	1	0	0	0	0	0	3.693	0.033	0.614	0.148	2.044
19	5	0	0	1	1	1	2.42	3.75	1.618	0.455	0.108
20	5	1	1	1	0	0	2.252	1.038	2.824	1.776	2.242
20	1	1	1	1	1	1	2.485	0.767	0.845	1.35	0.847
20	1	1	1	1	1	1	1.206	0.378	0.574	3.132	2.59
20	4	1	1	1	0	1	3.731	1.776	1.002	1.542	0.303
20	1	1	1	1	1	1	1.285	0.576	0.66	0.882	0.575
20	5	1	1	1	1	1	1.136	0.184	0.148	0.148	0.148
20	4	1	0	0	0	1	2.061	0.962	0.691	0.456	0.149
20	5	1	1	1	0	1	1.02	0.496	1.309	0.148	0.381
20	3	1	1	1	1	1	0.825	0.496	0.265	1.246	0.224
20	4	1	1	0	0	1	2.024	0.456	0.421	0.495	0.187
20	5	1	1	1	0	0	1.024	1.273	1.472	0.304	2.632
20	1	1	1	0	0	1	0.873	0.263	2.357	0.925	0.148
20	2	1	1	1	0	1	2.534	0.38	0.69	1.856	0.882
20	4	1	0	0	1	1	0.942	0.496	0.923	0.805	0.379
20	1	1	0	0	0	1	1.312	1.43	0.187	0.417	0.303
20	3	1	1	1	1	1	1.021	0.419	0.34	0.378	0.459
20	4	1	1	1	1	1	1.648	0.691	0.572	0.456	0.458
20	4	1	1	1	1	1	2.303	0.922	0.69	1.079	0.921
20	4	0	0	1	1	1	1.763	0.653	1.003	0.187	0.183
20	5	1	1	1	1	0	4.17	0.418	0.885	0.534	0.61
20	1	0	0	0	0	1	3.275	0.963	0.455	1.931	0.923
20	3	1	1	1	1	1	0.946	0.341	0.611	0.728	0.456
20	2	1	1	1	1	0	1.146	0.574	0.614	0.459	0.614
20	4	1	1	1	1	1	1.043	0.613	0.881	2.36	0.847
20	1	1	1	1	1	1	0.95	0.495	2.012	0.765	0.649
20	4	1	1	0	0	1	3.55	0.381	0.456	1.349	0.379
20	2	1	1	1	1	1	0.99	0.766	1.15	2.516	0.495
20	5	0	1	0	0	1	2.243	0.108	0.495	0.455	0.303
20	3	1	1	0	0	1	2.989	0.692	1.389	0.574	0.535
20	1	1	1	1	1	1	0.916	0.806	1.078	0.963	0.65
20	5	0	0	0	1	1	1.656	1.464	0.805	0.42	1.855
20	2	1	1	1	1	1	2.274	0.196	1.59	1.001	0.419
20	2	1	1	1	1	1	1.226	0.574	0.378	1.933	0.223
20	3	1	1	0	0	1	1.047	0.847	1.274	0.846	0.692
20	3	0	0	0	1	1	2.353	0.767	0.378	0.497	0.651
20	4	1	1	1	1	1	0.918	0.148	0.38	0.148	0.343
20	1	1	1	1	1	1	0.993	0.576	0.691	0.691	0.341
20	2	1	1	1	1	1	1.112	0.592	0.807	0.691	1.665
20	4	0	0	1	1	1	0.998	0.497	0.38	0.536	0.339
20	5	1	1	1	0	0	0.998	0.185	2.088	2.164	1.934
20	2	1	1	0	0	1	1.851	1.007	0.963	0.537	0.148
20	3	1	1	1	1	1	1.273	0.615	0.923	1.896	0.263
20	1	1	0	0	1	1	1.058	0.885	0.963	0.731	0.379
20	2	1	1	0	0	0	1.888	0.535	1.426	0.188	2.06
20	2	1	1	1	0	0	2.124	0.535	0.961	0.846	1.078
20	3	1	1	1	1	1	1.619	0.224	1.389	0.263	0.419
20	3	0	1	1	1	1	1.31	0.536	0.34	0.068	0.108
20	1	1	1	1	1	1	0.994	0.536	1.037	0.416	0.768
20	5	1	1	1	1	0	1.003	0.575	0.886	3.756	2.943
20	2	1	1	0	0	1	1.073	0.767	1.467	0.077	0.699
20	3	1	1	1	1	1	1.542	0.572	0.032	0.46	0.767
20	3	1	1	0	0	0	1.81	1.042	2.863	0.921	1.972
20	5	1	1	1	1	0	1.891	0.109	0.263	0.304	0.456
20	2	1	1	1	1	1	3.592	0.576	0.961	2.514	0.187
20	5	1	1	1	1	0	1.577	0.188	0.165	0.614	1.893
21	2	1	1	1	0	0	2.155	0.157	1.117	2.008	0.574
21	4	1	1	0	0	1	2.503	0.808	0.456	1.698	0.148
21	3	1	0	0	1	0	2.736	1.113	3.831	1.078	2.007
21	3	0	1	1	0	0	1.886	0.534	1.23	0.148	3.249
21	5	0	0	0	1	1	3.94	1.078	2.395	2.124	7.318
21	1	0	1	1	0	0	4.786	0.289	3.015	4.723	2.589
21	3	1	0	0	1	0	1.843	2.357	1.348	0.997	3.982
21	1	1	1	0	0	0	4.327	1.425	0.691	4.139	0.108
21	1	1	0	0	1	1	7.852	0.575	0.767	1.388	0.108
21	3	1	0	0	0	0	3.046	0.148	3.479	0.687	1.624
21	3	0	1	1	1	1	2.082	1.658	0.922	1.967	0.379
21	2	1	1	1	0	0	2.543	0.223	1.077	4.452	0.885
21	2	1	0	1	1	1	1.998	1.892	3.908	1.268	1.117
21	4	0	1	0	1	1	3.622	2.396	0.494	0.882	0.418
21	3	0	0	0	1	1	3.25	0.068	0.649	0.108	0.108
21	1	1	1	1	1	1	3.234	2.086	1.002	0.66	0.962
21	2	0	0	0	0	0	2.183	3.944	1.234	1.271	1.54
21	5	0	0	0	0	1	5.915	1.385	3.363	0.223	0.109
21	1	1	1	0	0	1	2.036	0.571	1.425	1.93	0.148
21	1	0	1	1	0	0	7.888	1.153	0.536	1.815	0.611
21	3	0	0	0	0	1	3.583	0.534	3.288	0.405	1.037
21	4	1	1	0	1	1	1.685	1.194	7.862	4.294	0.881
21	2	0	0	0	0	0	4.862	1.541	0.999	2.161	0.033
21	4	0	0	0	0	0	3.43	1.311	1.812	0.032	0.187
21	2	0	0	0	0	0	8.122	2.474	4.41	0.688	0.842
21	5	0	0	1	0	0	4.248	1.154	0.691	3.867	1.697
21	1	0	1	0	0	0	6.684	0.923	4.177	1.58	1.657
21	2	0	1	1	1	1	1.761	0.691	0.183	0.416	0.961
21	4	1	0	1	1	1	2.207	1.697	0.767	0.299	0.963
21	3	0	0	0	0	1	6.299	0.651	4.604	0.34	0.108
21	3	0	0	1	1	1	4.72	0.536	0.263	0.341	1.465
21	5	0	0	0	0	0	7.432	0.611	0.455	0.264	1.153
21	1	1	1	0	1	0	2.967	1.077	2.358	2.548	0.842
21	5	0	0	0	1	0	6.075	1.114	1.079	1.037	0.417
21	5	1	1	1	0	0	3.591	1.038	0.73	0.845	1.349
21	2	0	1	1	1	1	5.641	0.846	0.726	0.534	0.628
21	4	0	0	0	1	1	2.306	0.068	0.339	0.998	0.574
21	5	0	0	0	0	0	5.296	0.263	0.148	5.187	0.78
21	3	0	0	0	0	0	4.514	0.495	1.85	1.425	0.456
21	4	1	0	1	1	1	3.507	0.691	1.153	0.455	0.572
21	2	0	0	0	0	1	6.805	2.355	1.078	4.45	2.589
21	2	1	1	1	1	0	2.225	2.862	1.078	2.743	1.736
21	5	0	0	0	0	1	5.621	0.456	0.998	0.224	0.183
21	4	0	0	1	1	1	4.242	1.051	1.619	0.183	0.612
21	5	0	0	0	0	0	8.323	0.183	0.61	1.659	1.468
21	5	0	1	0	0	0	2.854	0.228	0.379	0.725	1.501
21	5	1	1	1	0	0	3.01	1.311	1.812	2.162	0.456
21	1	1	1	1	1	1	4.591	1.074	0.962	0.648	1.234
21	4	1	1	0	1	1	2.149	0.846	3.791	0.96	0.183
21	4	0	0	0	0	0	2.576	0.108	1.425	3.482	0.263
21	1	0	0	1	1	0	3.119	0.576	1.193	3.634	0.922
21	1	1	1	1	1	1	1.686	1.776	0.958	0.881	1.349
21	4	0	0	0	0	1	2.964	1.386	1.078	1.697	0.068
21	3	0	0	0	0	0	3.777	0.033	0.34	0.223	0.689
21	2	0	1	1	1	0	1.839	0.727	0.805	1.464	0.108
22	2	1	1	1	1	1	2.198	1.268	0.962	3.904	1.078
22	3	0	0	1	1	1	3.562	2.198	1.117	1.232	1.618
22	1	1	1	1	1	0	2.515	1	0.882	1.504	2.198
22	1	1	1	0	1	0	2.476	1.427	5.573	1.234	0.881
22	5	1	0	0	0	0	3.299	2.783	2.161	1.193	1.153
22	1	1	1	1	0	0	2.055	2.395	3.283	1.037	0.96
22	2	1	1	1	0	0	4.691	0.958	2.626	0.648	0.766
22	1	1	1	1	0	0	2.018	0.65	0.738	5.339	0.845
22	5	0	0	0	1	0	3.144	0.919	0.727	1.038	2.977
22	3	1	1	1	0	0	2.245	0.804	1.038	2.356	3.091
22	4	1	0	0	0	0	6.006	1.231	3.4	1.888	1.696
22	4	1	1	1	1	1	2.019	0.884	0.921	1.036	5.263
22	2	0	1	1	1	0	2.754	0.884	0.612	0.687	6.426
22	5	0	1	1	1	0	3.108	1.578	1.773	1.308	1.811
22	5	0	0	0	0	1	4.18	2.163	1.076	1.078	1.153
22	3	0	0	0	0	0	4.038	2.781	1.311	0.998	0.767
22	2	1	1	1	1	1	2.177	2.24	3.401	1.076	1.385
22	3	1	1	1	1	1	2.872	1.578	2.665	1.89	0.961
22	2	1	1	0	1	1	1.866	2.093	1.428	0.73	0.614
22	1	1	1	1	1	1	2.333	1.077	1.04	0.922	0.882
22	2	0	0	0	0	1	4.314	0.959	1.077	1.269	0.922
22	5	1	0	0	0	1	2.88	2.782	3.44	0.963	0.769
22	3	1	1	1	1	1	1.982	1.114	1.699	1.62	0.882
22	3	1	1	1	1	1	1.015	0.882	2.163	1.153	1.077
22	4	1	0	0	0	1	3.648	3.207	1.89	1.234	0.574
22	1	1	1	1	0	0	1.905	1.348	3.012	5.416	3.248
22	3	1	0	0	0	0	3.144	1.385	1.776	0.611	0.613
22	1	0	0	0	0	1	2.177	1.582	6.078	1.193	0.959
22	5	0	0	0	0	1	4.097	4.216	1.505	1.659	0.843
22	1	0	0	0	0	0	7.136	1.773	1.655	0.807	0.96
22	2	1	1	1	1	1	1.673	2.202	4.721	3.247	4.758
22	5	1	0	0	0	0	9.735	1.075	0.885	1.462	0.379
22	5	1	1	1	1	1	4.703	0.302	0.885	0.495	0.419
22	5	0	0	0	0	0	3.656	6.036	0.765	2.201	2.396
22	5	1	1	1	1	1	3.308	1.156	1.232	1.002	0.811
22	2	0	1	1	1	1	2.888	0.997	1.309	2.588	0.846
22	4	1	1	1	1	1	3.068	0.807	0.846	0.958	0.842
22	1	1	1	1	1	0	4.079	1.346	3.171	0.42	0.497
22	2	1	1	1	0	0	3.691	2.511	0.804	0.768	0.264
22	4	0	0	0	1	0	2.371	1.153	1.076	3.055	0.69
22	4	1	1	0	0	1	1.838	0.65	0.691	0.574	0.613
22	5	0	0	0	0	0	4.779	0.652	0.536	0.454	0.419
22	4	1	0	0	0	1	2.071	0.69	0.302	0.38	0.302
22	4	0	0	0	0	0	1.015	1.581	1.087	0.923	0.65
22	3	1	0	0	0	1	3.92	0.183	0.108	0.108	0.069
22	3	1	1	1	1	1	1.947	0.534	0.572	0.534	0.416
22	2	1	1	1	0	0	4.273	0.92	0.494	0.263	0.108
22	4	1	0	0	0	1	2.87	0.764	0.536	0.766	0.494
22	2	1	1	1	1	1	1.558	0.495	0.419	0.459	1.349
22	1	0	0	0	0	0	1.362	3.095	0.534	0.649	0.69
22	4	0	0	1	1	1	2.335	0.338	0.471	0.304	0.263
22	3	0	0	0	1	1	2.064	0.418	0.61	0.454	0.417
22	4	1	1	1	1	1	1.287	0.495	0.575	1.113	0.534
22	3	1	0	0	1	1	1.824	1.193	0.148	0.263	0.187
22	1	0	0	0	0	0	2.798	0.572	0.226	3.259	0.26
23	4	1	1	1	0	0	2.178	0.418	1.159	0.765	0.881
23	1	1	1	1	1	1	3.848	0.883	0.92	1.078	0.882
23	5	1	1	1	0	1	3.422	0.998	5.184	2.706	0.223
23	5	1	1	1	1	0	3.656	0.612	2.665	1.113	8.672
23	4	1	1	1	1	0	2.412	5.107	1.465	0.959	0.648
23	5	1	0	0	0	1	2.456	2.084	1.929	0.494	1.589
23	1	1	0	1	0	0	7.218	1.077	1.347	1.193	1.116
23	2	1	1	1	1	1	3.069	0.532	0.765	0.494	0.454
23	1	1	1	1	1	1	4.775	0.611	1.117	1.504	0.38
23	4	1	1	1	1	1	5.976	0.495	0.845	0.381	0.303
23	3	1	1	1	0	0	3.806	1.113	1.504	6.152	0.303
23	2	1	1	1	1	1	2.025	0.341	0.613	0.843	0.535
23	5	1	1	0	1	0	2.57	3.985	1.775	0.263	0.687
23	3	1	1	1	1	1	2.298	0.842	0.42	1.815	0.69
23	3	1	1	1	1	1	2.427	0.689	0.263	0.314	1.038
23	2	1	1	1	1	1	2.643	0.924	0.42	0.574	1.504
23	5	1	1	1	1	1	12.686	0.726	1.541	2.087	1.505
23	1	1	1	1	1	1	2.996	0.495	1.424	1.389	2.859
23	2	1	1	1	1	1	6.246	2.121	2.239	2.319	1.893
23	1	1	1	1	1	1	5.205	3.168	2.438	2.938	2.667
23	5	1	1	1	1	1	3.81	2.356	1.967	2.59	9.758
23	2	1	1	1	0	0	5.277	4.412	2.742	6.076	7.318
23	4	1	1	1	1	1	3.379	1.736	6.424	2.007	2.005
23	3	0	1	1	0	0	13.923	4.062	3.324	1.385	1.695
23	2	1	1	1	1	1	3.225	1.621	1.737	3.092	2.083
23	2	1	0	0	1	1	4.424	1.775	2.085	2.277	2.472
23	1	1	1	1	1	1	2.758	2.678	2.589	3.651	2.085
23	5	1	0	0	0	0	7.996	1.888	1.656	1.66	5.846
23	3	1	1	1	1	1	2.887	2.705	1.812	1.812	1.66
23	4	1	1	1	1	1	5.005	2.203	1.734	2.047	2.007
23	3	1	1	1	1	1	4.97	2.936	1.504	1.231	1.62
23	4	1	1	1	1	1	2.874	1.349	1.426	2.163	1.696
23	3	1	1	1	0	1	8.379	5.07	2.78	2.629	1.503
23	1	1	1	1	1	1	6.946	1.505	3.013	1.553	1.775
23	3	1	1	1	1	1	4.423	1.311	1.233	1.871	1.816
23	2	1	1	1	1	1	5.662	2.278	2.587	1.737	1.814
23	5	1	1	1	1	1	4.276	1.775	2.047	1.946	1.659
23	3	0	0	0	0	1	12.873	2.936	4.719	2.783	2.355
23	1	1	1	1	1	1	3.533	1.891	3.129	2.007	1.433
23	5	1	1	1	1	1	7.066	2.356	3.442	1.931	2.047
23	3	1	1	1	1	1	3.996	2.278	2.202	2.239	1.626
23	2	1	1	1	1	1	7.331	1.58	2.161	1.776	1.35
23	4	1	1	1	1	1	2.384	2.043	1.699	1.502	1.504
23	5	1	1	1	1	1	5.526	4.953	3.558	2.006	2.045
23	3	1	1	1	1	0	4.694	1.735	1.968	1.466	3.015
23	1	0	0	1	1	1	18.57	3.363	6.852	1.737	1.561
23	2	0	0	1	1	1	3.65	3.478	2.941	2.406	2.165
23	1	1	1	1	1	1	7.564	3.013	2.626	1.968	1.698
23	4	1	1	1	1	1	3.208	2.549	2.47	2.664	1.657
23	4	1	1	1	1	1	3.612	3.365	1.777	1.775	1.621
23	4	1	1	1	1	1	2.914	1.774	2.16	1.816	1.581
23	4	0	0	0	0	0	3.259	2.201	8.091	1.271	1.66
23	1	1	1	1	1	1	4.807	1.97	2.434	1.697	1.697
23	2	1	1	1	1	1	4.924	2.16	3.14	2.319	1.852
23	5	1	1	1	1	0	6.517	3.405	2.473	1.89	1.697
24	2	1	1	1	0	0	7.649	0.38	0.924	5.228	0.418
24	1	1	1	0	0	0	1.993	0.844	5.888	0.38	0.924
24	3	1	0	1	1	1	2.733	0.959	4.879	0.805	0.419
24	1	0	1	0	0	0	17.362	3.871	0.184	0.689	0.924
24	3	0	0	1	0	1	9.214	0.147	0.459	8.957	0.262
24	4	1	1	1	1	1	11.08	0.729	17.65	1.736	0.262
24	2	1	1	1	0	0	6.891	0.263	2.201	13.613	0.924
24	5	1	1	0	0	0	3.751	2.787	6.509	9.036	3.756
24	3	1	1	1	1	1	1.847	0.769	1.04	0.962	0.729
24	5	1	0	0	1	0	3.831	8.415	11.946	0.692	2.589
24	4	1	0	0	1	1	2.508	4.844	0.653	0.032	0.69
24	2	0	0	0	0	0	2.818	1.044	0.807	0.768	6.122
24	2	1	1	1	1	1	2.278	1.04	1.116	0.884	1.041
24	1	1	1	1	0	0	2.393	0.147	0.883	13.5	0.96
24	1	1	1	1	0	0	2.531	0.343	0.653	12.101	0.108
24	4	0	0	1	1	1	3.444	0.613	4.115	0.689	0.769
24	3	1	1	1	1	1	1.66	1.235	0.689	0.533	0.614
24	2	1	1	0	0	0	2.784	0.808	1.35	0.419	1.74
24	4	1	1	1	1	1	1.435	0.272	0.884	1.816	0.455
24	4	1	1	0	0	1	1.739	0.689	0.964	0.418	0.342
24	1	1	0	0	0	1	5.05	7.212	0.573	0.459	0.69
24	4	1	1	1	1	1	1.78	0.419	0.498	0.614	0.534
24	5	0	0	0	0	0	4.305	0.768	2.433	1.311	1.779
24	5	1	1	0	1	0	1.484	0.223	5.776	0.418	5.038
24	3	0	1	1	0	0	4.573	1.582	0.573	4.184	0.107
24	1	0	1	1	1	1	12.066	0.302	0.458	2.436	4.884
24	4	1	1	1	1	1	1.663	0.108	0.844	0.498	0.148
24	3	1	1	0	0	0	5.04	1.351	0.458	4.821	1.507
24	2	1	1	1	1	0	1.873	0.533	0.378	0.611	9.15
24	3	1	1	1	0	0	2.509	0.459	0.65	3.029	0.458
24	5	1	1	0	0	1	3.758	1.002	2.632	1.002	0.339
24	4	0	1	0	0	0	2.434	0.845	0.533	4.494	0.587
24	3	0	1	1	1	1	2.196	0.65	0.419	0.379	0.543
24	1	1	1	1	1	1	3.394	0.808	0.844	0.419	0.574
24	2	1	1	0	1	1	2.309	0.302	1.933	1.505	0.458
24	5	1	1	0	0	1	2.003	0.614	0.419	0.494	0.263
24	5	0	0	0	0	0	5.025	0.844	1.62	2.047	1.621
24	2	1	1	1	0	0	2.58	0.38	0.533	4.841	0.108
24	1	1	1	1	0	0	1.644	0.535	1.232	0.498	0.844
24	4	0	0	0	1	1	5.796	0.73	0.379	0.574	0.263
24	5	1	1	1	0	0	1.605	0.188	1.506	3.406	2.862
24	2	1	1	1	1	1	1.601	0.264	0.534	0.575	0.302
24	3	1	1	1	1	1	1.659	1.434	1.155	1.197	0.69
24	3	1	1	1	1	1	3.694	2.203	2.359	0.805	0.731
24	5	1	1	0	0	1	5.753	0.998	0.65	0.921	1.504
24	1	1	1	1	1	1	3.658	0.222	2.901	1.037	0.068
24	1	1	0	0	0	1	3.69	1.813	2.707	4.802	0.414
24	5	1	1	1	1	1	3.693	0.575	1.116	1.157	0.148
24	4	1	1	1	1	1	2.409	0.343	1.584	1.001	0.38
24	5	1	1	1	0	0	3.889	1.864	0.497	2.863	1.195
24	4	1	1	0	0	1	2.725	1.502	0.223	0.263	1.426
24	3	1	1	1	0	0	3.11	0.769	1.312	1.08	0.183
24	2	1	1	1	1	1	2.138	0.962	1.817	0.534	0.419
24	1	1	1	1	1	1	3.071	7.596	1.891	0.418	0.379
24	2	1	1	1	1	1	7.41	0.379	0.729	1.078	0.301
25	3	0	0	0	0	1	3.931	1.001	1.113	1.01	0.958
25	5	1	1	1	1	1	2.861	1.076	1.117	1.154	1.113
25	1	1	1	0	0	0	3.514	0.883	11.15	0.962	2.821
25	2	1	1	1	0	0	7.624	0.61	2.203	4.832	0.032
25	4	1	1	1	1	1	2.316	0.884	0.803	1.268	3.671
25	4	1	1	1	0	1	2.238	1.889	1.348	2.662	1.117
25	5	1	1	1	1	1	4.072	4.097	5.43	2.589	1.462
25	2	1	1	1	1	1	1.85	1.229	1.268	1.386	1.037
25	2	1	1	1	1	1	2.551	3.285	1.969	1.348	1.617
25	3	1	1	1	1	1	3.056	1.931	3.089	1.81	0.496
25	2	1	0	0	0	1	2.743	0.966	1.23	0.846	0.962
25	3	1	1	1	1	1	3.097	2.123	2.355	1.737	1.387
25	1	1	1	1	1	1	3.097	0.922	1.698	1.077	4.759
25	4	1	1	1	1	1	2.79	1.113	3.015	0.816	1.153
25	4	1	1	1	1	1	2.002	2.624	1.775	1.463	1.272
25	4	1	1	1	1	1	2.709	1.969	3.324	2.434	1.075
25	1	1	1	1	1	0	3.292	1.697	1.622	1.387	4.407
25	2	1	1	1	0	0	6.039	2.666	1.851	4.798	8.557
25	4	1	0	0	1	1	1.789	20.681	1.425	0.958	1.269
25	3	1	1	1	1	1	2.091	1.349	1.969	1.309	1.077
25	5	0	0	1	1	1	9.188	1.772	0.456	0.652	0.303
25	5	1	1	1	1	1	2.331	1.347	1.311	6.461	1.078
25	3	1	1	1	1	1	2.092	0.997	1.114	1.079	0.961
25	5	1	1	1	1	1	2.753	1.736	1.773	2.086	4.717
25	4	1	1	0	1	1	1.898	0.807	1.347	1.58	1.038
25	2	1	1	1	1	1	2.828	1.349	1.542	1.268	1.233
25	5	1	1	1	1	1	6.593	1.424	1.23	1.229	3.091
25	3	1	1	1	0	1	2.246	0.961	8.169	5.65	0.108
25	4	1	1	1	1	1	1.994	1.153	1.153	1.193	0.997
25	4	1	1	1	1	1	1.745	1.31	1.193	1.077	1.156
25	1	1	1	1	1	1	2.175	2.703	5.495	0.998	1.193
25	4	1	1	1	1	1	2.019	1.311	4.058	0.922	0.845
25	3	1	1	1	1	1	1.865	0.958	0.997	0.89	0.921
25	3	1	1	1	1	1	2.249	0.959	0.764	1.156	0.691
25	2	1	1	1	1	1	1.706	1.232	3.014	1.268	0.96
25	1	1	1	1	1	1	2.132	0.881	0.999	0.764	0.804
25	2	1	1	1	1	1	3.065	0.997	1.077	0.766	0.881
25	4	0	1	1	1	0	6.786	1.113	1.501	1.348	7.898
25	5	1	1	0	1	1	2.141	0.999	0.882	0.962	0.766
25	5	1	1	1	1	1	3.613	2.278	1.116	1.152	0.727
25	1	1	1	1	1	1	2.676	0.729	1.463	0.185	0.534
25	3	1	1	1	1	1	2.83	1.733	1.192	0.998	0.885
25	2	1	1	1	1	1	2.192	0.729	3.403	1.229	0.726
25	1	1	1	1	1	1	2.641	0.96	3.015	0.767	0.571
25	1	1	1	1	1	1	2.831	1.192	1.388	2.279	0.691
25	2	1	1	1	1	1	3.221	1.152	1	0.92	0.807
25	1	1	1	1	1	1	2.682	1.891	1.541	1.384	0.922
25	5	1	1	1	1	1	2.646	0.881	0.846	0.572	1.037
25	3	1	1	1	1	1	1.865	0.729	0.729	1.308	1.271
25	1	1	1	1	1	1	1.982	0.923	0.881	0.613	0.803
25	2	1	1	1	1	1	2.999	1.193	1.001	0.574	1.122
25	3	1	1	1	1	1	1.985	1.423	1.153	1.153	1.077
25	5	1	1	1	1	1	2.18	1.737	1.395	0.805	0.726
25	1	1	1	1	1	1	1.868	0.997	1.078	0.882	0.728
25	5	1	1	1	1	1	2.26	1.466	2.392	0.69	0.69
26	1	1	1	1	0	0	2.45	1.078	3.486	2.164	1.544
26	3	1	1	0	0	1	2.381	1.001	1.464	3.212	0.653
26	2	1	1	0	0	0	2.071	1.166	1.156	2.126	0.962
26	5	0	0	0	0	0	3.859	2.434	1.971	2.516	3.6
26	4	1	1	1	0	0	1.608	0.854	1.116	2.202	1.624
26	1	1	1	1	1	1	2.811	1.348	1.236	1.079	1.038
26	3	1	0	1	0	1	1.955	1.388	0.883	1.814	0.223
26	4	1	1	1	0	0	3.197	1.039	1	1.275	0.845
26	2	1	0	0	0	0	2.464	1.195	1.041	1.398	3.252
26	5	0	0	0	1	1	2.777	1.115	1.506	1.274	0.886
26	1	1	0	0	0	0	2.538	1.934	2.166	0.379	0.846
26	4	1	0	0	0	0	2.002	1.97	2.086	2.008	1.633
26	1	0	0	0	0	1	5.687	1.817	2.166	1.116	0.139
26	2	1	1	0	0	0	2.269	1.697	1.932	1.894	1
26	4	0	0	0	0	1	2.33	1.234	1.468	0.572	0.573
26	2	1	1	0	0	0	2.12	0.924	2.09	1.778	2.013
26	1	1	1	1	1	1	1.887	1.042	1.234	0.806	0.417
26	4	1	0	0	0	1	4.296	1.778	1.272	4.026	0.223
26	4	0	1	1	1	1	4.877	2.399	1.661	2.515	1.426
26	2	1	1	1	0	0	2.469	0.494	2.321	2.125	0.343
26	5	1	1	1	0	0	2.322	1.04	2.086	1.662	0.805
26	5	1	1	0	0	0	2.356	2.088	0.223	1.933	1.312
26	2	1	1	0	1	0	2.358	0.769	0.844	1.195	0.38
26	3	1	0	0	0	1	2.12	1.739	1.116	1.038	0.856
26	2	1	1	1	1	1	1.893	0.615	0.808	1.193	0.534
26	5	1	0	0	0	0	2.478	1.469	2.164	0.184	0.419
26	5	0	0	0	0	0	3.216	0.496	0.77	2.749	0.888
26	5	1	1	0	0	0	2.866	1.08	2.864	1.002	2.204
26	2	1	1	0	0	0	2.921	0.964	1.662	1.78	0.419
26	1	0	0	0	0	1	2.2	1.233	1.544	1.197	0.886
26	1	0	1	0	0	0	4.105	1.389	2.204	1.467	2.437
26	5	0	0	0	0	1	2.44	0.502	2.397	0.651	0.73
26	4	1	1	1	1	1	2.55	1.273	2.28	1.038	0.303
26	1	1	0	0	0	0	2.428	5.307	0.769	1.193	2.202
26	3	0	0	0	0	1	3.395	2.514	1.117	2.202	0.46
26	3	1	0	0	0	0	3.085	2.135	2.593	1.776	1.97
26	2	1	1	0	0	0	1.878	0.575	0.806	1.429	0.496
26	3	0	0	0	0	0	2.494	0.34	0.379	1.504	2.205
26	5	0	0	0	0	1	3.49	0.574	1.624	2.204	0.844
26	5	1	1	0	0	0	2.032	0.846	1.388	0.615	0.495
26	3	0	0	1	0	0	2.414	0.731	0.767	1.003	1.465
26	1	1	0	0	0	1	3.501	0.183	0.455	1.625	0.806
26	4	1	0	0	0	1	2.897	0.846	0.611	4.067	0.611
26	4	1	0	0	1	0	2.5	1.7	1.076	2.318	0.571
26	2	1	0	1	1	0	1.91	3.016	1.313	2.281	1.855
26	5	1	0	1	0	0	2.065	1.078	0.962	1.97	0.962
26	1	0	0	0	0	0	3.81	1.349	1.235	2.046	0.766
26	2	0	0	0	0	0	1.95	5.307	2.182	0.923	2.243
26	4	0	0	0	0	1	3.266	0.847	0.921	2.588	1.079
26	3	1	1	1	1	0	2.45	1.117	1.037	1.309	0.61
26	1	0	1	0	1	0	2.291	0.69	0.455	0.768	1.816
26	4	0	0	0	0	1	4.307	0.69	2.009	0.962	0.456
26	3	1	0	0	0	0	2.677	1.153	1.312	1.389	0.611
26	3	0	1	1	0	1	1.899	0.767	0.691	0.611	0.535
26	3	1	0	0	0	1	2.597	1.233	1.117	0.922	0.539
27	4	1	1	1	1	1	2.289	0.148	0.223	0.184	0.844
27	3	1	1	1	1	1	2.026	0.224	0.224	0.224	0.377
27	5	0	0	0	0	0	2.341	0.999	0.767	1.816	1.739
27	4	1	1	1	1	1	1.829	0.768	0.613	0.843	0.727
27	4	0	1	0	0	0	1.832	0.46	0.382	0.416	2.36
27	1	0	0	0	0	0	4.398	1.387	1.311	0.661	0.304
27	5	1	1	1	1	0	3.74	0.456	0.498	0.571	1.933
27	4	1	1	0	0	0	2.499	1	1.042	0.653	4.607
27	3	0	0	0	0	0	1.994	0.653	0.688	1.193	2.599
27	5	1	1	1	1	1	1.536	0.264	0.108	0.224	0.805
27	3	0	0	0	0	1	2.114	0.263	0.108	0.225	0.572
27	4	1	1	1	1	1	1.687	0.185	0.34	0.184	0.96
27	3	1	1	1	1	1	2.191	0.653	0.651	0.38	0.809
27	1	0	0	0	0	0	2.232	0.225	0.184	1.076	0.96
27	5	0	0	0	1	0	2.806	0.34	0.382	0.303	3.057
27	3	1	1	0	0	0	2.242	0.266	0.224	0.184	5.073
27	3	1	1	0	0	0	2.232	0.576	0.38	1.04	1.274
27	2	1	0	0	0	0	2.23	0.265	0.26	0.885	2.206
27	3	0	0	0	0	0	3.86	0.767	0.38	0.536	6.704
27	1	1	1	1	1	0	3.784	1.156	0.885	0.925	0.931
27	1	0	0	0	0	0	3.128	1.193	1.351	2.748	4.841
27	4	1	0	0	0	1	1.964	0.729	0.649	0.808	0.809
27	4	0	0	1	0	0	4.682	1.429	0.42	0.148	0.188
27	2	1	1	0	0	0	2.115	0.341	0.533	0.497	2.553
27	3	0	0	0	1	0	1.885	0.108	0.924	0.496	0.497
27	5	1	1	0	0	0	2.793	0.341	0.466	0.108	1.321
27	5	1	1	0	1	0	2.166	3.291	0.884	0.808	1.311
27	5	1	0	0	0	0	2.319	1.04	0.224	0.108	0.109
27	3	1	1	1	0	0	1.986	0.649	0.456	0.652	0.728
27	4	1	0	0	0	0	2.551	0.457	1	0.223	1.428
27	5	0	1	1	1	1	2.826	0.185	0.961	1.117	0.612
27	1	0	0	0	0	0	2.552	0.416	0.224	0.728	0.729
27	4	0	0	0	0	0	3.095	0.382	1.507	1.892	1.313
27	1	1	0	0	0	0	3.059	0.729	0.769	0.537	1.042
27	3	0	0	0	0	0	4.955	0.496	0.42	0.068	2.552
27	2	1	1	0	0	0	2.826	2.089	2.048	1.62	0.185
27	3	0	1	0	0	0	1.701	0.612	0.417	0.416	1.391
27	1	0	0	0	1	0	2.401	0.264	0.264	0.185	0.96
27	4	0	0	0	0	0	5.039	2.319	0.417	0.999	0.108
27	2	0	0	1	0	0	2.205	3.056	0.498	1.31	2.243
27	2	1	1	0	0	1	2.553	1.116	0.456	1.117	1.66
27	5	0	0	1	1	1	2.715	0.184	0.457	0.186	0.533
27	2	1	0	0	0	0	2.226	0.34	0.612	2.207	1.312
27	5	0	0	0	0	0	4.348	0.695	0.108	0.033	1.738
27	2	0	0	0	0	0	6.049	0.381	0.458	0.74	0.455
27	2	0	0	0	0	0	1.819	0.38	0.149	0.382	2.669
27	2	1	0	0	0	0	1.778	0.469	0.184	0.224	1.351
27	1	0	0	0	0	0	5.467	1.466	0.494	0.847	0.923
27	2	0	0	0	0	0	1.891	0.068	0.184	1.544	0.689
27	5	0	0	0	0	0	2.438	1.697	1.041	0.149	1.931
27	1	0	0	0	0	0	2.354	0.108	0.224	0.184	0.65
27	4	0	0	0	0	0	2.353	0.422	1.426	0.149	1.661
27	1	0	0	0	1	0	1.305	0.228	3.019	1.504	1.363
27	2	0	0	0	0	0	2.389	0.304	0.613	0.612	0.146
27	1	0	0	0	0	0	4.171	0.689	0.068	0.923	0.341
28	3	1	1	1	1	0	3.822	0.997	2.861	0.535	0.689
28	4	1	1	1	1	0	4.76	0.534	0.339	0.458	2.161
28	2	1	1	1	0	1	3.368	0.534	0.544	0.417	0.382
28	1	1	1	1	1	1	2.712	0.496	0.571	0.299	0.417
28	4	1	1	1	1	0	3.522	7.94	3.406	1.313	1.35
28	1	1	1	1	1	1	6.783	0.846	1.387	0.611	0.653
28	3	1	1	1	1	0	5.195	1.231	0.806	0.881	7.671
28	5	1	1	1	1	1	3.107	0.726	2.785	1.118	0.961
28	4	1	0	0	1	0	3.412	0.033	0.342	3.637	1.308
28	2	1	1	1	1	1	3.878	0.805	0.263	0.304	0.341
28	2	1	1	1	1	1	2.055	1.114	1.123	1.232	1.234
28	4	1	1	0	1	1	2.908	0.884	0.494	0.69	0.573
28	3	1	1	1	0	0	2.29	0.656	1.04	1.386	1.734
28	2	1	1	1	1	1	2.677	0.11	0.574	0.534	0.34
28	5	1	1	1	1	1	2.392	0.924	0.847	0.69	0.807
28	3	1	1	1	1	0	2.175	0.843	0.959	0.962	5.269
28	4	0	1	0	0	1	2.988	1.387	0.735	1.857	0.998
28	4	1	1	0	0	1	2.407	1.581	2.785	0.808	0.614
28	1	1	1	0	0	1	2.797	2.046	1.502	3.016	0.341
28	5	1	1	1	0	0	3.152	0.342	0.497	0.146	0.377
28	3	0	0	0	1	0	2.215	2.552	0.535	2.086	3.79
28	2	1	1	1	1	1	4.737	0.496	0.688	0.765	0.806
28	1	1	1	1	1	0	6.949	0.766	1.002	1.506	1.194
28	4	1	0	0	1	1	2.18	1.309	0.377	0.377	0.467
28	3	1	1	1	1	1	1.947	2.473	0.612	1.308	1.001
28	2	1	1	1	0	0	3.965	0.769	1.156	5.307	8.214
28	5	1	1	1	1	1	2.266	1.385	0.844	1	1.04
28	4	1	1	1	1	1	2.142	0.883	0.663	0.962	0.458
28	5	1	1	1	1	1	2.014	0.302	0.69	0.341	0.146
28	5	1	1	1	1	1	2.58	0.341	0.459	0.34	0.377
28	1	1	1	1	1	1	2.418	0.459	0.456	0.458	0.381
28	3	1	1	1	1	1	2.806	0.882	0.804	0.765	0.458
28	4	0	0	1	0	1	2.807	0.536	0.691	1.583	0.299
28	2	1	1	1	1	1	3.152	0.649	0.767	0.574	0.652
28	1	1	1	1	1	1	2.184	0.467	0.494	0.535	0.418
28	2	1	1	1	0	1	1.877	0.377	0.419	0.187	0.459
28	1	1	1	1	0	1	3.974	1.153	0.883	1	0.728
28	3	0	0	0	1	1	4.129	0.496	0.264	0.263	0.999
28	2	0	0	1	0	0	6.799	0.341	0.73	1.543	2.627
28	4	1	1	1	1	1	3.273	0.377	0.498	0.263	0.282
28	5	1	1	1	1	1	2.66	0.581	1.154	0.612	0.455
28	2	1	1	1	1	1	2.346	0.342	0.418	0.382	0.3
28	1	1	1	1	1	1	1.932	0.495	0.455	0.381	0.299
28	5	1	1	1	0	0	2.548	1.895	0.613	1.311	0.299
28	1	1	1	1	1	1	2.654	0.186	0.388	0.146	0.303
28	2	1	0	0	0	0	2.502	0.806	1.658	0.382	0.886
28	3	1	1	1	1	1	2.463	0.377	0.534	0.381	0.494
28	5	1	1	1	1	1	2.627	0.309	1.696	0.146	0.535
28	5	0	0	1	0	1	2.784	0.65	0.576	0.885	0.613
28	3	1	1	1	1	1	3.551	0.418	0.265	0.236	0.187
28	5	1	0	1	0	0	5.341	1.509	0.886	1.348	1.468
28	1	1	1	1	1	1	2.892	0.535	0.535	0.379	0.341
28	1	0	0	0	0	0	3.086	3.055	0.495	0.923	3.918
28	4	1	0	0	0	0	2.891	0.533	0.688	0.688	0.689
28	3	0	0	0	0	0	5.297	0.494	0.845	0.299	1.856
29	2	0	0	0	1	1	4.073	1.933	8.525	2.834	2.045
29	2	1	0	0	0	0	2.251	1.775	3.485	3.278	1.855
29	1	1	1	0	1	0	3.178	1.346	1.814	1.155	1.699
29	1	1	0	0	0	0	3.451	2.242	1.427	1.855	2.281
29	5	1	0	0	0	0	3.144	3.131	1.387	1.349	1.273
29	5	0	0	0	0	1	4.503	2.316	2.396	2.24	4.375
29	1	0	0	0	0	0	3.178	1.855	1.424	0.92	0.881
29	1	1	0	0	0	0	2.209	1.661	2.123	2.411	1.272
29	2	0	0	0	0	0	5.272	1.738	1.194	1.27	1.387
29	5	0	0	0	0	0	7.217	3.521	0.766	0.767	0.728
29	5	0	0	0	0	0	6.945	1.23	1.155	2.24	0.69
29	5	0	1	0	0	0	3.686	1.114	1.35	0.268	1.192
29	4	0	0	0	0	0	3.211	0.961	0.961	0.883	0.651
29	5	0	0	0	0	0	4.462	1.506	1.233	1.039	1.079
29	4	0	0	0	1	0	4.852	1.038	0.848	1.159	0.65
29	3	0	0	1	0	1	4.3	1.192	0.882	1.001	0.96
29	5	1	0	0	0	0	4.536	2.743	0.691	2.242	0.572
29	4	1	1	1	1	0	1.735	1.89	2.899	0.726	1.312
29	5	0	0	0	0	0	3.41	0.997	0.883	0.883	0.65
29	3	0	0	0	0	0	11.624	0.688	0.575	0.458	0.225
29	1	0	0	0	0	0	2.515	0.458	0.613	0.535	0.574
29	3	1	0	0	0	1	1.89	2.048	0.196	0.187	1.427
29	4	0	0	0	0	0	8.559	2.28	0.924	0.033	0.109
29	2	0	1	1	0	0	5.928	0.069	2.122	0.575	0.807
29	2	0	0	0	0	0	3.552	0.726	0.263	0.223	0.418
29	4	1	0	0	0	1	2.162	1.618	1.428	1.466	1.039
29	4	0	0	0	0	1	4.37	0.147	0.11	0.109	0.187
29	1	0	0	0	1	0	2.47	1.309	0.069	0.377	0.187
29	4	0	0	0	1	1	2.019	0.613	0.341	0.571	0.998
29	1	1	0	0	1	0	1.962	1.697	0.729	0.146	1.466
29	2	1	1	1	0	0	2.206	0.264	0.262	3.093	0.803
29	4	0	0	0	0	0	3.09	0.11	0.109	0.11	0.146
29	5	0	0	0	0	0	1.736	0.299	0.187	0.885	0.222
29	3	0	0	0	0	0	2.078	0.377	0.535	0.3	0.3
29	3	1	0	0	1	0	2.354	1.233	0.767	0.496	0.726
29	1	0	0	0	0	0	2.349	0.146	0.155	0.155	0.146
29	2	0	0	0	0	0	2.463	0.033	0.043	0.263	1.312
29	1	1	0	0	0	0	1.654	0.146	0.419	0.922	1.97
29	3	0	0	1	0	1	1.885	0.184	0.11	1.308	0.612
29	2	1	0	0	0	0	4.327	1.816	0.611	0.612	0.884
29	3	0	0	0	0	1	2.119	0.069	0.187	0.146	0.961
29	5	0	0	0	1	0	1.851	0.028	0.001	0.033	1.164
29	2	0	0	0	0	1	2.286	0.029	0.378	0.069	0.3
29	3	0	0	0	0	0	3.203	0.341	0.146	0.299	9.995
29	3	0	0	0	0	1	1.962	0.652	0.146	0.106	7.435
29	5	0	0	0	0	1	2.005	0.961	0.377	0.38	0.223
29	3	0	0	0	0	0	1.924	0.223	0.186	0.223	0.225
29	4	0	0	0	0	0	1.807	0.187	0.183	0.299	0.185
29	1	1	0	0	0	0	1.569	0.187	0.263	0.223	0.146
29	2	0	0	0	0	0	1.766	0.379	0.496	0.611	0.417
29	4	0	0	0	0	1	1.883	0.028	0.033	0.029	1.464
29	2	0	0	0	0	0	1.814	0.11	0.11	0.341	0.11
29	4	0	0	0	0	0	1.957	0.188	0.033	0.73	4.176
29	3	0	0	1	0	1	1.684	0.033	0.069	0.146	0.536
29	1	0	0	0	0	1	2.269	0.146	0.146	0.106	0.341
30	4	1	1	1	1	1	1.982	0.497	0.532	0.458	0.418
30	4	1	0	0	1	1	2.294	1.775	0.574	0.844	0.651
30	2	1	1	1	1	1	2.26	0.958	1.307	1.272	0.805
30	3	0	0	0	0	1	1.834	2.824	0.536	0.535	1.077
30	3	0	0	0	0	0	2.454	1.894	0.766	0.533	0.496
30	2	1	1	1	1	1	2.541	0.901	0.688	1.037	0.769
30	3	1	1	1	1	1	2.378	1.468	1.076	0.769	0.881
30	5	0	0	0	0	0	3.081	1.085	1.114	0.572	0.726
30	2	1	1	1	1	0	2.841	0.768	1.039	1.04	3.014
30	1	1	1	0	1	1	2.462	1.155	2.353	0.535	0.609
30	2	1	1	1	1	0	2.569	0.689	0.729	1.036	0.805
30	5	1	1	0	0	0	1.642	1	1.271	0.613	0.725
30	5	0	0	1	0	1	3.739	0.572	1	0.35	0.65
30	5	0	0	0	0	0	3.927	2.046	0.691	2.124	0.338
30	3	1	1	1	1	1	1.888	1.54	1.232	0.772	0.726
30	1	1	1	0	1	1	1.988	1.309	3.169	0.418	0.379
30	4	1	1	1	0	1	2.025	0.533	1.696	0.535	0.454
30	2	1	1	1	1	1	2.024	0.842	0.845	0.767	0.536
30	1	1	1	0	1	0	2.763	1.077	3.635	0.069	0.691
30	2	1	1	1	1	1	2.532	0.96	1.347	0.727	0.765
30	5	1	1	1	0	1	3.078	1.427	0.575	1.773	0.146
30	5	1	1	1	1	1	2.418	0.187	0.924	0.224	0.187
30	1	1	1	1	1	1	1.834	0.96	1.113	0.882	0.573
30	4	1	1	1	1	1	2.141	0.534	0.611	0.652	0.494
30	1	1	1	1	1	1	2.802	1.036	1.232	1.037	0.702
30	4	1	1	0	0	1	1.988	0.726	1.311	0.766	1.036
30	4	1	1	1	1	1	1.796	0.497	0.843	0.498	0.264
30	5	1	1	1	1	1	2.187	0.532	0.611	0.3	0.377
30	3	1	1	1	1	1	2.002	1.229	1.117	0.575	0.493
30	4	1	1	0	1	1	2.027	0.924	0.377	1.037	0.029
30	5	1	1	1	1	1	2.152	0.769	1.464	0.959	0.768
30	1	1	1	1	1	1	2.378	1.27	2.627	0.494	0.497
30	1	1	1	1	1	1	1.951	0.769	1.272	0.959	0.427
30	1	1	1	1	1	1	2.373	1.539	5.378	2.665	0.999
30	3	1	0	1	1	0	2.841	0.883	0.532	0.765	0.377
30	4	1	1	1	1	1	2.027	1.504	0.691	0.844	0.497
30	4	1	1	1	1	1	2.604	1.036	0.921	0.495	0.805
30	5	1	1	0	0	0	2.811	0.806	1.232	1.035	0.665
30	5	1	0	1	1	1	3.002	0.423	1.155	0.417	0.495
30	2	1	1	1	1	1	2.374	0.146	1.195	0.378	0.338
30	3	1	1	1	1	1	2.723	0.726	0.69	0.341	0.611
30	2	1	1	0	0	1	2.456	1.229	0.61	0.574	0.495
30	2	1	1	1	1	1	2.351	0.923	1.232	0.652	0.496
30	5	1	1	1	1	1	2.341	1.318	0.923	0.805	0.454
30	3	0	0	1	1	1	2.684	0.612	0.418	0.3	0.533
30	1	1	1	1	1	1	2.22	0.725	0.495	0.301	0.3
30	3	1	1	1	1	1	1.986	1.696	1.62	0.96	0.495
30	1	1	1	1	1	1	3.147	0.573	0.769	0.803	0.708
30	4	1	1	1	1	1	1.946	0.686	0.419	0.454	0.418
30	2	1	1	1	1	1	3.575	0.687	0.381	0.651	0.496
30	2	1	1	1	0	0	2.257	0.573	1.657	0.688	3.517
30	3	1	1	1	1	1	2.219	0.535	0.572	0.533	0.455
30	1	1	1	1	0	0	3.072	0.418	1.811	0.378	0.191
30	3	1	1	1	1	1	2.259	0.613	0.573	0.496	1.464
30	4	1	1	1	1	1	1.947	0.11	0.417	0.377	0.273