1	3	1	1	1	1	1	1
1	13	1	1	1	1	1	1
1	19	1	1	1	1	1	1
1	33	1	1	1	1	1	1
1	1	2	1	1	1	1	1
1	4	2	1	1	1	1	1
1	7	2	1	1	1	1	1
1	35	2	0	0	0	1	1
1	9	3	1	1	1	1	1
1	27	3	0	0	0	0	1
1	31	3	1	0	0	1	1
1	44	3	1	1	1	1	1
1	6	4	1	1	1	1	1
1	11	4	0	0	1	0	1
1	21	4	1	1	1	1	1
1	25	4	1	1	1	1	1
1	12	5	1	1	1	1	1
1	23	5	0	0	0	1	1
1	39	5	1	1	1	1	1
1	43	5	1	1	1	0	1
1	16	6	1	1	1	0	0
1	20	6	1	1	1	1	1
1	24	6	1	1	1	1	1
1	40	6	1	1	1	1	0
1	8	7	1	0	0	1	1
1	14	7	1	1	1	1	1
1	41	7	0	1	0	1	0
1	48	7	1	1	1	1	1
1	18	8	1	1	1	1	1
1	28	8	1	1	1	1	1
1	38	8	1	1	1	1	1
1	46	8	1	1	1	1	1
1	15	9	1	1	0	0	1
1	42	9	0	0	0	0	1
1	45	9	1	0	0	0	1
1	47	9	1	1	1	1	1
1	17	10	0	0	1	1	1
1	22	10	1	1	1	1	1
1	26	10	0	0	0	1	1
1	32	10	0	0	1	1	1
1	5	11	1	1	1	1	1
1	29	11	1	1	1	1	1
1	30	11	1	1	1	1	1
1	34	11	0	0	1	1	1
1	2	12	0	0	0	0	1
1	10	12	1	1	1	1	1
1	36	12	1	0	0	0	1
1	37	12	1	0	0	0	1
2	11	1	0	0	1	1	1
2	23	1	1	1	1	1	1
2	28	1	1	1	1	1	1
2	45	1	0	0	1	1	1
2	7	2	0	0	0	1	1
2	19	2	1	1	1	1	0
2	30	2	1	0	0	0	0
2	31	2	0	0	1	0	0
2	1	3	1	1	1	0	1
2	21	3	1	1	1	1	1
2	24	3	1	0	1	1	1
2	46	3	1	0	0	1	1
2	2	4	1	1	0	0	0
2	3	4	1	0	0	1	1
2	17	4	1	1	1	1	1
2	25	4	1	1	0	0	0
2	4	5	1	1	1	1	1
2	14	5	1	1	1	0	0
2	33	5	0	0	0	0	0
2	41	5	1	0	1	1	1
2	12	6	1	0	0	0	0
2	16	6	1	0	0	0	1
2	43	6	1	1	1	0	0
2	48	6	1	1	1	1	0
2	20	7	0	0	0	0	0
2	22	7	1	1	1	0	0
2	26	7	1	1	0	1	1
2	37	7	1	1	1	0	0
2	8	8	0	0	1	0	0
2	15	8	0	0	1	0	0
2	35	8	0	0	0	1	1
2	39	8	0	1	1	0	1
2	5	9	0	0	0	0	1
2	10	9	1	1	1	1	0
2	42	9	0	0	0	1	1
2	44	9	1	0	0	0	1
2	9	10	1	0	0	0	0
2	18	10	1	0	0	0	1
2	32	10	1	1	0	0	0
2	40	10	0	0	1	0	1
2	6	11	1	1	0	1	1
2	13	11	1	1	1	1	1
2	34	11	1	0	0	1	1
2	38	11	1	1	1	1	1
2	27	12	1	1	1	1	0
2	29	12	1	1	0	0	1
2	36	12	0	0	0	0	0
2	47	12	1	0	0	0	1
3	3	1	1	1	0	0	0
3	21	1	0	0	0	1	0
3	28	1	1	0	1	0	0
3	45	1	1	1	1	1	1
3	16	2	0	1	0	0	0
3	29	2	1	0	0	0	0
3	30	2	1	1	1	1	1
3	34	2	1	1	1	0	0
3	1	3	1	1	1	0	0
3	12	3	1	1	1	0	0
3	22	3	1	1	1	1	0
3	33	3	0	0	0	0	0
3	4	4	0	1	1	0	0
3	7	4	1	1	0	0	0
3	23	4	0	0	0	0	0
3	48	4	1	1	1	1	0
3	10	5	1	1	1	0	0
3	20	5	0	0	0	0	1
3	24	5	1	1	1	0	0
3	42	5	0	0	0	0	0
3	5	6	1	1	0	0	0
3	8	6	0	0	0	0	0
3	37	6	0	0	0	0	0
3	44	6	0	0	0	0	1
3	18	7	1	0	0	0	0
3	19	7	1	1	1	1	0
3	26	7	1	1	1	0	1
3	27	7	0	1	0	1	0
3	9	8	1	1	0	1	1
3	11	8	0	0	0	0	1
3	13	8	0	0	0	0	0
3	43	8	0	0	1	0	0
3	15	9	1	1	1	0	0
3	32	9	0	0	0	0	0
3	36	9	1	0	0	1	1
3	46	9	1	0	0	0	0
3	25	10	0	0	0	0	0
3	31	10	1	1	0	0	0
3	40	10	0	0	0	0	0
3	41	10	1	0	0	0	0
3	2	11	1	1	0	1	1
3	14	11	1	1	1	0	0
3	38	11	0	0	0	0	0
3	47	11	1	0	1	0	1
3	6	12	1	0	0	0	0
3	17	12	1	1	1	1	0
3	35	12	0	0	0	0	1
3	39	12	1	0	0	0	0
4	29	1	1	1	1	1	1
4	32	1	1	1	0	1	0
4	43	1	1	1	0	0	1
4	46	1	1	1	1	1	1
4	4	2	1	1	1	1	0
4	33	2	1	0	1	1	0
4	38	2	1	1	0	1	1
4	40	2	1	1	1	1	1
4	7	3	1	1	1	0	0
4	19	3	1	1	0	0	0
4	21	3	1	1	1	1	1
4	24	3	1	1	1	1	1
4	2	4	1	1	1	1	1
4	17	4	1	1	1	0	0
4	30	4	1	0	0	0	0
4	36	4	1	1	1	1	0
4	10	5	1	1	1	1	1
4	23	5	1	1	1	1	1
4	25	5	1	1	1	1	0
4	42	5	1	1	1	1	0
4	14	6	1	0	0	0	0
4	26	6	1	1	0	1	0
4	44	6	1	1	1	0	0
4	45	6	1	1	0	0	0
4	5	7	1	1	1	0	0
4	8	7	1	0	0	0	0
4	41	7	1	1	0	0	0
4	48	7	1	1	1	1	1
4	1	8	1	1	1	0	0
4	9	8	1	1	1	1	1
4	16	8	0	0	1	0	1
4	20	8	1	0	0	0	0
4	12	9	0	1	0	0	1
4	28	9	1	1	0	0	0
4	31	9	1	1	1	1	0
4	47	9	0	0	0	0	0
4	3	10	1	0	1	0	0
4	6	10	1	1	1	0	1
4	13	10	1	1	1	0	1
4	39	10	0	0	0	0	0
4	18	11	1	1	1	0	0
4	27	11	1	1	1	1	0
4	34	11	1	1	0	1	0
4	37	11	1	1	1	0	1
4	11	12	0	1	0	0	0
4	15	12	1	1	1	0	0
4	22	12	1	0	0	0	0
4	35	12	0	0	1	1	1
5	23	1	1	1	1	1	0
5	30	1	1	1	1	1	0
5	36	1	0	1	1	1	1
5	40	1	0	0	0	0	1
5	22	2	1	1	1	1	1
5	27	2	1	0	0	0	0
5	33	2	1	1	1	1	1
5	44	2	1	0	1	1	0
5	9	3	1	1	0	0	1
5	24	3	1	0	0	0	1
5	28	3	1	1	0	0	1
5	32	3	1	1	1	1	1
5	21	4	1	1	1	0	1
5	26	4	1	1	1	1	1
5	42	4	1	1	1	0	0
5	45	4	1	1	1	0	1
5	2	5	1	1	1	0	0
5	25	5	1	1	1	1	0
5	29	5	1	0	0	0	1
5	35	5	1	1	1	1	0
5	15	6	1	1	0	0	1
5	17	6	1	1	0	0	0
5	19	6	1	1	0	0	0
5	41	6	1	1	1	1	1
5	4	7	1	0	0	0	1
5	12	7	1	1	1	1	1
5	38	7	1	0	0	1	0
5	39	7	0	0	0	0	1
5	10	8	0	1	0	0	1
5	16	8	0	0	0	0	1
5	18	8	0	0	0	0	0
5	31	8	0	0	0	0	1
5	1	9	1	0	0	0	0
5	14	9	1	1	1	0	1
5	34	9	1	0	0	1	1
5	48	9	1	1	0	0	0
5	3	10	0	1	1	0	0
5	5	10	1	0	0	0	0
5	13	10	1	1	0	0	0
5	20	10	1	1	0	0	1
5	8	11	1	1	1	1	1
5	43	11	1	1	1	1	0
5	46	11	1	1	0	0	1
5	47	11	1	1	1	1	1
5	6	12	0	1	0	1	0
5	7	12	1	1	1	1	1
5	11	12	1	0	0	0	1
5	37	12	1	1	1	0	1
6	19	1	0	1	0	0	1
6	21	1	1	0	0	0	0
6	27	1	1	0	0	0	1
6	39	1	0	0	0	0	0
6	4	2	0	0	0	0	0
6	8	2	1	1	1	1	1
6	23	2	0	0	0	0	0
6	24	2	0	0	0	0	0
6	20	3	0	0	0	0	0
6	25	3	0	1	0	0	0
6	28	3	0	0	0	0	1
6	32	3	1	1	0	1	0
6	31	4	0	1	0	0	1
6	37	4	0	0	0	0	1
6	43	4	0	0	0	0	0
6	47	4	0	0	0	0	1
6	30	5	0	1	0	0	0
6	36	5	0	0	0	0	0
6	40	5	1	1	0	0	0
6	45	5	0	0	0	0	1
6	12	6	1	1	0	0	0
6	29	6	1	0	0	0	0
6	35	6	0	0	0	0	0
6	42	6	0	0	1	0	1
6	5	7	1	1	0	0	0
6	10	7	1	1	1	1	1
6	15	7	1	1	0	1	0
6	44	7	0	0	0	0	0
6	7	8	0	0	0	0	0
6	33	8	0	0	0	0	0
6	41	8	0	0	0	0	0
6	46	8	0	0	0	0	0
6	1	9	1	1	0	0	1
6	2	9	0	0	0	0	0
6	18	9	0	0	0	1	1
6	34	9	0	0	0	0	0
6	11	10	0	0	0	0	0
6	14	10	0	0	0	0	1
6	26	10	0	0	0	1	1
6	38	10	0	0	0	1	0
6	9	11	1	0	0	0	0
6	16	11	1	1	0	1	1
6	22	11	0	0	0	0	1
6	48	11	0	0	0	0	0
6	3	12	0	1	0	0	0
6	6	12	0	0	0	0	0
6	13	12	0	0	1	1	0
6	17	12	0	0	0	0	1
7	16	1	0	0	0	0	0
7	30	1	1	1	0	0	0
7	33	1	1	1	1	1	1
7	35	1	1	1	1	0	0
7	27	2	1	1	1	0	0
7	36	2	0	0	0	0	1
7	37	2	0	0	0	1	0
7	42	2	0	0	0	0	1
7	6	3	1	0	0	0	0
7	10	3	1	0	0	0	0
7	17	3	1	0	1	0	0
7	48	3	1	1	1	1	1
7	4	4	1	1	0	0	0
7	22	4	1	1	0	0	0
7	26	4	1	1	1	0	1
7	40	4	1	1	1	0	1
7	3	5	1	1	0	0	1
7	7	5	1	1	1	1	1
7	9	5	0	0	1	0	1
7	38	5	1	1	1	1	1
7	5	6	1	1	1	0	0
7	12	6	1	1	0	0	0
7	29	6	1	1	0	0	0
7	43	6	1	1	1	0	0
7	14	7	1	1	1	1	1
7	34	7	1	1	0	0	0
7	41	7	0	0	0	0	0
7	45	7	0	0	0	0	0
7	1	8	1	1	1	1	1
7	8	8	1	1	0	0	0
7	18	8	1	0	0	0	0
7	25	8	1	1	0	0	1
7	2	9	1	0	0	0	0
7	11	9	0	0	0	0	0
7	15	9	0	0	0	0	0
7	47	9	1	1	1	1	1
7	13	10	0	0	0	0	1
7	24	10	1	0	1	0	0
7	31	10	0	0	0	0	0
7	32	10	1	0	0	0	0
7	19	11	1	0	0	1	0
7	20	11	1	0	0	0	0
7	44	11	1	1	1	0	0
7	46	11	1	1	1	1	0
7	21	12	0	0	0	0	1
7	23	12	1	1	0	1	0
7	28	12	0	1	0	0	0
7	39	12	0	0	0	0	1
8	11	1	1	1	1	1	1
8	18	1	1	1	1	1	1
8	27	1	1	1	1	1	1
8	33	1	1	1	1	1	1
8	22	2	1	1	1	0	0
8	42	2	1	1	1	1	0
8	44	2	1	1	1	1	1
8	48	2	1	1	1	1	1
8	14	3	1	1	1	1	1
8	21	3	1	1	1	1	1
8	26	3	1	1	1	0	0
8	32	3	1	1	1	1	1
8	2	4	1	0	0	1	1
8	7	4	1	1	1	1	1
8	20	4	1	1	1	1	1
8	43	4	1	1	1	1	1
8	15	5	1	1	1	1	1
8	19	5	1	1	1	1	1
8	24	5	1	1	0	0	0
8	41	5	1	1	1	1	1
8	6	6	1	1	1	1	1
8	13	6	1	1	1	1	1
8	36	6	1	1	1	1	1
8	37	6	1	1	1	1	1
8	3	7	0	1	0	1	1
8	4	7	1	1	1	1	1
8	5	7	0	0	1	0	1
8	10	7	0	0	0	1	1
8	1	8	1	1	1	1	1
8	30	8	1	1	1	1	1
8	35	8	1	1	0	0	1
8	47	8	1	1	0	1	1
8	8	9	1	1	1	1	1
8	28	9	1	1	1	1	1
8	38	9	1	1	0	0	0
8	45	9	1	1	1	1	1
8	9	10	1	1	1	1	1
8	12	10	1	1	1	1	1
8	16	10	1	1	1	1	1
8	23	10	1	0	0	1	1
8	25	11	1	1	1	1	1
8	34	11	1	1	1	1	1
8	39	11	1	1	1	1	1
8	40	11	1	1	1	1	1
8	17	12	1	1	1	1	1
8	29	12	1	1	1	1	1
8	31	12	0	0	1	1	1
8	46	12	1	1	1	0	0
9	4	1	0	0	1	0	1
9	7	1	1	1	0	0	0
9	34	1	0	0	1	1	1
9	44	1	0	0	0	0	0
9	36	2	1	1	0	0	1
9	45	2	1	1	1	1	1
9	46	2	1	1	1	1	1
9	48	2	1	1	1	1	1
9	3	3	1	1	1	1	1
9	9	3	1	1	1	1	1
9	18	3	1	1	0	0	1
9	30	3	1	1	1	0	1
9	8	4	1	1	0	0	0
9	15	4	1	1	0	0	0
9	19	4	1	0	0	1	1
9	37	4	1	1	0	1	1
9	1	5	1	1	1	1	1
9	24	5	1	1	1	1	1
9	31	5	1	1	0	0	0
9	40	5	1	1	1	1	1
9	27	6	0	1	0	0	1
9	32	6	1	0	0	0	0
9	39	6	1	0	0	0	0
9	41	6	1	1	0	0	1
9	5	7	0	1	0	0	0
9	20	7	0	0	0	0	0
9	43	7	1	1	0	0	0
9	47	7	0	0	0	1	1
9	14	8	1	1	1	1	1
9	23	8	1	1	0	0	0
9	25	8	1	0	0	0	0
9	28	8	1	1	1	0	0
9	11	9	1	1	1	0	0
9	13	9	0	1	0	0	0
9	38	9	1	1	0	0	0
9	42	9	1	1	0	0	1
9	2	10	1	0	0	0	0
9	12	10	0	1	0	0	0
9	17	10	1	1	0	0	1
9	35	10	1	1	1	0	0
9	10	11	1	1	1	1	1
9	21	11	1	0	0	0	0
9	26	11	1	1	1	1	1
9	33	11	1	1	0	0	0
9	6	12	1	0	0	0	0
9	16	12	1	1	0	0	0
9	22	12	1	1	0	0	0
9	29	12	0	0	0	0	0
10	4	1	1	0	0	0	0
10	27	1	1	1	1	1	1
10	33	1	1	1	1	1	1
10	44	1	1	1	1	1	1
10	6	2	1	1	1	1	1
10	9	2	1	1	1	1	1
10	42	2	1	0	1	1	0
10	48	2	1	1	1	1	1
10	2	3	1	1	1	1	1
10	12	3	1	1	0	0	0
10	21	3	1	1	1	1	1
10	38	3	1	1	1	0	0
10	3	4	1	1	1	1	1
10	15	4	1	1	1	1	1
10	34	4	1	1	1	0	1
10	43	4	1	1	1	1	1
10	19	5	1	1	1	1	1
10	23	5	1	1	1	1	1
10	26	5	1	1	1	1	1
10	32	5	1	1	1	0	1
10	14	6	1	1	1	1	0
10	29	6	1	1	1	1	1
10	41	6	1	1	1	1	1
10	46	6	1	1	0	0	0
10	18	7	1	1	1	1	1
10	22	7	1	1	1	1	1
10	40	7	1	1	1	1	1
10	47	7	1	1	1	0	0
10	13	8	1	1	1	1	0
10	20	8	1	1	1	1	1
10	24	8	1	0	1	1	1
10	36	8	1	1	1	1	1
10	8	9	1	0	0	0	1
10	10	9	1	1	1	1	1
10	25	9	0	1	1	1	1
10	35	9	0	1	0	0	0
10	1	10	1	0	1	0	0
10	17	10	1	1	0	0	0
10	31	10	1	1	1	1	1
10	37	10	1	1	1	1	1
10	5	11	1	1	1	1	1
10	11	11	1	1	1	1	1
10	16	11	1	1	1	1	1
10	45	11	1	1	1	1	1
10	7	12	0	0	0	0	0
10	28	12	1	1	0	0	0
10	30	12	0	0	0	0	1
10	39	12	0	1	0	1	0
11	17	1	0	1	0	0	0
11	19	1	1	1	1	1	1
11	42	1	0	0	0	0	0
11	47	1	0	0	0	0	0
11	1	2	1	0	0	0	0
11	6	2	1	1	0	0	1
11	41	2	1	1	0	0	0
11	44	2	0	0	0	0	0
11	4	3	0	0	0	1	0
11	8	3	0	0	0	0	0
11	13	3	0	0	1	1	0
11	23	3	1	1	1	0	1
11	26	4	0	0	0	0	0
11	29	4	1	1	1	1	1
11	43	4	0	0	0	1	0
11	46	4	0	0	0	1	0
11	9	5	0	0	0	0	0
11	10	5	1	1	1	1	1
11	21	5	1	1	1	0	0
11	27	5	0	0	0	0	0
11	5	6	1	1	0	0	0
11	32	6	0	0	0	0	1
11	35	6	1	0	0	0	0
11	39	6	1	1	0	0	0
11	16	7	0	0	0	0	0
11	33	7	0	0	0	0	0
11	36	7	0	0	0	0	0
11	37	7	1	1	1	0	0
11	25	8	1	1	1	0	0
11	31	8	0	0	0	0	0
11	38	8	0	0	0	0	0
11	45	8	1	0	1	0	0
11	7	9	0	1	0	0	0
11	14	9	1	0	0	0	0
11	18	9	1	0	1	0	0
11	22	9	0	0	0	0	0
11	28	10	0	1	0	0	0
11	30	10	0	0	0	0	0
11	34	10	1	0	0	0	0
11	48	10	1	0	0	0	0
11	2	11	0	0	0	1	0
11	3	11	1	1	1	1	1
11	11	11	1	1	1	1	1
11	24	11	1	1	0	0	0
11	12	12	0	0	0	0	0
11	15	12	0	0	0	0	0
11	20	12	0	0	0	0	1
11	40	12	0	0	0	0	0
12	11	1	1	1	1	1	1
12	14	1	1	1	1	1	1
12	17	1	1	1	1	1	1
12	39	1	1	1	0	0	1
12	20	2	1	1	1	1	0
12	23	2	1	1	1	1	1
12	25	2	1	1	1	1	1
12	48	2	1	1	1	1	1
12	10	3	1	1	0	0	0
12	27	3	1	1	1	1	1
12	32	3	1	1	1	1	1
12	35	3	1	1	1	1	1
12	18	4	1	1	1	1	1
12	26	4	1	1	1	1	1
12	28	4	1	1	1	1	1
12	37	4	1	1	1	1	1
12	4	5	1	1	1	1	1
12	5	5	1	1	1	0	0
12	24	5	1	1	1	1	1
12	31	5	1	1	1	1	1
12	1	6	1	1	1	1	1
12	30	6	1	1	1	0	0
12	43	6	1	1	0	0	1
12	44	6	1	1	0	1	0
12	8	7	1	1	1	0	0
12	9	7	1	1	0	0	1
12	13	7	1	1	1	1	1
12	38	7	1	1	1	1	1
12	2	8	1	1	1	1	0
12	29	8	1	1	1	1	1
12	33	8	1	1	1	1	1
12	34	8	1	0	1	1	1
12	7	9	1	0	0	0	1
12	16	9	1	1	0	1	1
12	19	9	1	1	1	1	1
12	42	9	1	1	1	1	1
12	3	10	1	1	0	0	0
12	12	10	1	1	1	0	0
12	36	10	0	1	0	0	0
12	41	10	1	1	1	1	1
12	15	11	1	1	0	0	0
12	21	11	1	1	1	1	1
12	22	11	1	1	1	1	1
12	40	11	1	1	1	1	1
12	6	12	1	1	1	1	1
12	45	12	1	1	1	1	1
12	46	12	1	1	1	0	0
12	47	12	1	1	1	1	0
13	14	1	1	1	1	1	0
13	20	1	1	1	1	1	1
13	27	1	1	1	0	0	1
13	44	1	1	1	1	1	0
13	19	2	1	0	1	0	0
13	22	2	1	1	1	1	0
13	40	2	1	1	1	1	1
13	48	2	1	1	0	0	0
13	9	3	1	1	1	0	1
13	33	3	1	1	1	0	1
13	34	3	1	1	1	1	1
13	36	3	1	1	1	1	1
13	2	4	1	1	1	0	1
13	10	4	1	1	1	1	1
13	46	4	0	0	0	0	0
13	47	4	1	1	0	0	0
13	8	5	1	1	1	1	0
13	18	5	1	1	1	0	0
13	32	5	1	1	1	1	1
13	37	5	1	1	1	1	1
13	12	6	1	1	1	1	1
13	21	6	0	0	0	0	0
13	29	6	0	0	0	0	0
13	43	6	1	1	0	0	1
13	25	7	1	1	1	0	0
13	28	7	1	1	0	0	1
13	38	7	1	1	1	1	1
13	42	7	1	1	1	1	1
13	3	8	1	1	0	1	1
13	6	8	0	0	1	0	0
13	7	8	1	1	1	0	1
13	16	8	1	0	0	0	0
13	1	9	1	0	1	0	0
13	15	9	0	0	0	1	0
13	31	9	1	0	0	1	0
13	35	9	1	1	1	1	1
13	13	10	1	1	0	1	1
13	17	10	1	1	1	1	1
13	26	10	0	0	0	1	1
13	41	10	1	0	1	0	0
13	4	11	1	0	1	0	1
13	5	11	1	1	1	1	1
13	11	11	1	1	1	1	1
13	39	11	1	1	1	1	0
13	23	12	1	1	0	0	1
13	24	12	0	0	0	0	0
13	30	12	1	1	0	0	1
13	45	12	0	0	1	1	1
14	1	1	1	1	1	1	1
14	15	1	1	1	1	0	1
14	23	1	1	1	1	1	1
14	27	1	1	1	1	1	1
14	5	2	0	0	0	0	0
14	29	2	1	1	1	1	1
14	33	2	1	1	1	1	1
14	45	2	0	1	0	0	1
14	7	3	0	0	0	0	0
14	21	3	1	1	0	1	1
14	38	3	1	0	0	0	0
14	39	3	1	1	1	1	1
14	11	4	1	0	1	0	0
14	14	4	1	1	1	1	1
14	36	4	1	0	1	0	1
14	44	4	1	1	0	0	0
14	3	5	1	1	0	0	0
14	25	5	1	1	1	1	1
14	30	5	1	0	0	1	0
14	40	5	1	1	1	1	0
14	8	6	0	0	0	0	0
14	28	6	1	0	1	0	1
14	31	6	1	1	1	0	0
14	46	6	0	0	0	1	0
14	9	7	1	1	1	1	1
14	20	7	1	1	1	1	0
14	41	7	0	0	0	1	0
14	42	7	1	0	0	0	0
14	6	8	0	0	0	0	0
14	26	8	1	1	0	0	1
14	34	8	1	1	1	1	0
14	35	8	1	1	0	0	0
14	2	9	1	0	0	0	0
14	13	9	1	1	0	0	0
14	18	9	1	1	1	1	1
14	19	9	1	1	1	1	0
14	10	10	1	0	1	0	1
14	22	10	1	1	1	0	0
14	32	10	1	1	1	0	1
14	37	10	1	1	0	1	1
14	4	11	1	0	1	0	0
14	16	11	1	0	0	1	0
14	24	11	1	0	1	1	1
14	43	11	1	1	1	1	1
14	12	12	0	1	0	0	0
14	17	12	1	1	1	0	0
14	47	12	0	0	0	0	1
14	48	12	1	1	1	1	0
15	10	1	1	1	1	1	0
15	12	1	1	1	0	0	1
15	43	1	0	1	1	1	1
15	44	1	1	1	1	0	1
15	23	2	1	1	1	1	1
15	25	2	1	1	0	1	1
15	30	2	1	1	1	1	1
15	32	2	1	0	1	1	1
15	5	3	1	1	0	1	1
15	34	3	1	1	1	1	1
15	37	3	1	1	1	1	1
15	46	3	1	1	1	1	1
15	3	4	1	1	1	0	1
15	7	4	1	1	1	1	1
15	24	4	1	1	1	1	1
15	39	4	1	1	1	0	1
15	8	5	1	1	1	0	1
15	15	5	1	0	1	1	1
15	20	5	1	1	1	1	1
15	27	5	1	1	1	1	1
15	9	6	1	1	1	0	1
15	17	6	1	1	1	1	1
15	29	6	1	1	1	0	0
15	47	6	1	1	1	0	0
15	11	7	1	1	1	1	1
15	28	7	1	1	1	1	1
15	35	7	0	0	1	1	0
15	41	7	1	1	0	1	0
15	13	8	1	1	1	1	1
15	26	8	1	0	0	1	0
15	36	8	1	1	1	0	0
15	48	8	1	1	1	1	1
15	1	9	1	0	0	0	0
15	18	9	1	0	1	1	1
15	38	9	1	0	1	1	1
15	45	9	1	1	1	1	0
15	2	10	1	1	0	1	1
15	16	10	1	1	0	0	1
15	31	10	1	0	0	1	1
15	33	10	1	1	1	0	1
15	4	11	0	0	1	1	1
15	6	11	1	1	1	1	1
15	19	11	1	1	0	0	1
15	22	11	1	0	1	0	1
15	14	12	1	1	0	0	1
15	21	12	1	0	0	0	1
15	40	12	1	1	1	1	1
15	42	12	1	0	1	0	1
16	1	1	1	1	1	1	1
16	2	1	1	1	1	1	1
16	4	1	1	1	1	1	1
16	28	1	1	1	1	1	1
16	12	2	1	1	0	0	0
16	15	2	1	1	1	0	0
16	30	2	1	1	1	1	1
16	32	2	0	1	0	0	1
16	9	3	1	1	0	1	1
16	11	3	1	1	1	1	1
16	34	3	1	1	1	1	1
16	42	3	1	1	1	1	1
16	16	4	1	0	1	1	1
16	18	4	1	1	1	1	1
16	24	4	1	1	1	1	1
16	26	4	1	1	1	1	1
16	7	5	1	0	0	1	1
16	23	5	1	1	1	1	1
16	33	5	1	1	1	1	1
16	43	5	1	1	1	1	1
16	13	6	1	0	0	0	1
16	35	6	1	0	1	0	0
16	36	6	1	0	0	1	1
16	48	6	1	1	1	1	1
16	8	7	0	1	1	0	0
16	19	7	1	1	0	0	1
16	41	7	1	1	1	1	1
16	45	7	1	0	0	1	0
16	10	8	1	1	0	1	0
16	21	8	0	0	1	1	1
16	22	8	0	0	0	0	1
16	39	8	1	1	1	1	1
16	14	9	1	1	0	1	1
16	31	9	0	0	0	0	1
16	38	9	1	0	0	0	1
16	46	9	1	0	0	0	0
16	3	10	0	0	0	0	1
16	5	10	1	1	1	1	1
16	17	10	1	1	0	0	0
16	25	10	1	1	0	0	1
16	20	11	1	1	1	1	1
16	27	11	1	1	1	1	1
16	29	11	1	1	1	1	1
16	47	11	1	1	1	1	1
16	6	12	1	0	1	1	1
16	37	12	1	1	1	1	1
16	40	12	1	1	1	1	1
16	44	12	1	1	1	1	1
17	3	1	1	1	1	1	1
17	18	1	1	1	1	1	1
17	36	1	1	1	1	0	1
17	44	1	0	0	0	0	1
17	5	2	0	1	0	1	1
17	6	2	1	1	1	0	0
17	22	2	1	0	0	0	0
17	31	2	1	1	1	0	1
17	2	3	1	1	0	0	0
17	25	3	0	0	0	0	1
17	28	3	1	1	1	0	1
17	39	3	1	1	1	1	1
17	15	4	1	1	0	0	1
17	34	4	0	0	0	0	1
17	41	4	1	1	1	1	1
17	43	4	1	1	0	0	0
17	20	5	1	1	1	1	1
17	27	5	0	0	0	0	0
17	32	5	1	1	1	1	1
17	48	5	1	1	1	1	1
17	30	6	0	0	0	0	0
17	37	6	1	1	0	1	1
17	42	6	1	0	0	0	0
17	47	6	0	0	0	0	0
17	4	7	1	1	1	0	0
17	9	7	1	1	1	0	0
17	35	7	1	1	1	1	1
17	38	7	1	1	1	1	0
17	7	8	0	0	1	0	1
17	16	8	1	1	0	1	0
17	17	8	1	1	0	0	0
17	26	8	1	1	1	1	1
17	11	9	1	0	1	0	0
17	12	9	1	1	1	1	0
17	24	9	0	0	1	1	1
17	40	9	0	0	0	1	0
17	10	10	0	0	1	0	1
17	14	10	0	0	0	0	0
17	23	10	1	1	1	0	0
17	46	10	1	1	1	1	1
17	1	11	1	1	0	0	0
17	8	11	1	0	0	0	0
17	19	11	1	0	1	1	1
17	45	11	0	1	1	1	0
17	13	12	0	0	1	0	0
17	21	12	1	1	0	0	1
17	29	12	1	1	1	1	1
17	33	12	0	0	0	0	0
18	5	1	0	0	0	0	0
18	16	1	0	0	0	0	0
18	19	1	0	0	0	0	0
18	30	1	0	0	0	0	0
18	1	2	0	0	0	0	0
18	23	2	1	1	0	1	0
18	24	2	1	1	1	0	0
18	48	2	0	0	0	0	0
18	3	3	1	0	0	0	0
18	7	3	0	0	0	0	0
18	36	3	0	0	0	0	0
18	45	3	0	0	0	0	0
18	2	4	1	1	0	0	1
18	9	4	1	1	1	0	0
18	37	4	0	0	0	0	0
18	38	4	1	1	0	0	0
18	4	5	0	0	0	0	0
18	8	5	1	1	0	0	1
18	11	5	0	1	0	0	0
18	21	5	0	0	0	0	0
18	13	6	1	0	0	0	0
18	14	6	0	0	0	0	0
18	15	6	1	0	0	0	0
18	41	6	0	0	0	1	0
18	10	7	0	0	0	0	0
18	33	7	1	1	0	0	0
18	35	7	0	0	0	0	0
18	43	7	0	0	0	0	0
18	6	8	0	0	0	0	0
18	28	8	1	0	0	0	0
18	31	8	1	0	0	0	0
18	34	8	0	0	0	0	0
18	27	9	1	0	0	0	0
18	32	9	0	0	1	1	0
18	42	9	0	0	1	0	0
18	46	9	0	0	0	0	0
18	12	10	0	0	0	0	0
18	20	10	0	0	0	0	0
18	25	10	0	0	0	0	0
18	39	10	0	0	0	1	0
18	22	11	1	0	0	1	0
18	26	11	1	0	0	1	0
18	40	11	1	1	0	0	1
18	47	11	0	0	0	0	0
18	17	12	0	0	0	0	0
18	18	12	1	0	0	0	0
18	29	12	1	0	0	1	0
18	44	12	0	0	0	0	0
19	26	1	1	0	0	0	0
19	31	1	1	0	0	1	1
19	40	1	1	1	1	1	0
19	44	1	1	1	1	1	1
19	10	2	1	0	1	0	1
19	12	2	1	1	1	1	1
19	13	2	1	0	0	0	0
19	47	2	1	0	0	0	0
19	9	3	1	0	0	0	1
19	28	3	1	1	1	0	1
19	30	3	1	0	0	1	1
19	37	3	1	1	1	0	0
19	8	4	1	0	1	0	1
19	11	4	1	0	0	0	1
19	21	4	1	1	1	1	1
19	39	4	1	1	1	1	1
19	20	5	1	0	0	0	0
19	35	5	1	0	0	1	1
19	41	5	1	0	1	0	0
19	43	5	1	1	0	1	1
19	4	6	1	0	0	0	1
19	22	6	1	0	0	0	1
19	32	6	1	0	0	0	1
19	38	6	1	1	0	0	1
19	25	7	1	1	1	1	0
19	33	7	1	0	0	0	0
19	36	7	1	1	1	1	1
19	45	7	0	0	1	0	1
19	5	8	1	1	1	1	0
19	6	8	1	1	1	0	0
19	14	8	1	1	0	0	0
19	18	8	1	1	0	0	1
19	17	9	1	0	1	0	1
19	34	9	1	0	1	0	0
19	42	9	1	0	0	1	0
19	46	9	1	0	0	1	0
19	2	10	1	0	0	0	1
19	15	10	1	0	0	0	1
19	27	10	1	1	0	0	0
19	48	10	1	0	1	0	1
19	1	11	1	1	0	1	1
19	19	11	1	1	1	1	1
19	23	11	1	1	1	0	0
19	24	11	1	1	1	1	1
19	3	12	1	0	1	1	0
19	7	12	0	1	1	1	1
19	16	12	1	1	0	1	0
19	29	12	1	1	1	1	1
20	11	1	1	1	0	1	1
20	32	1	1	1	1	1	1
20	42	1	1	1	1	1	1
20	47	1	1	1	1	1	1
20	7	2	1	1	1	1	1
20	33	2	1	1	1	1	1
20	36	2	1	1	1	1	1
20	48	2	1	1	1	1	1
20	4	3	1	0	0	1	1
20	5	3	1	1	1	1	1
20	20	3	0	0	0	1	1
20	46	3	1	1	1	1	1
20	18	4	1	1	1	1	1
20	22	4	1	1	0	0	1
20	25	4	1	1	0	1	1
20	41	4	1	1	1	1	1
20	3	5	1	1	0	0	0
20	30	5	1	0	0	0	0
20	31	5	1	1	1	1	1
20	34	5	1	1	1	1	1
20	17	6	1	1	1	0	1
20	23	6	1	1	0	0	0
20	28	6	1	1	1	1	1
20	44	6	1	1	0	0	0
20	2	7	1	0	1	0	0
20	16	7	1	1	1	1	1
20	35	7	1	1	1	0	0
20	45	7	1	0	1	1	1
20	8	8	0	1	0	0	1
20	26	8	1	0	0	0	0
20	29	8	1	1	0	1	1
20	40	8	1	1	1	1	1
20	6	9	0	0	0	1	1
20	19	9	1	1	1	1	0
20	24	9	1	0	0	0	0
20	27	9	1	1	1	1	1
20	9	10	0	0	1	0	1
20	14	10	1	1	1	1	1
20	37	10	1	1	0	1	0
20	43	10	1	1	1	0	0
20	10	11	1	1	1	0	1
20	13	11	1	1	0	0	0
20	21	11	1	1	1	1	1
20	38	11	1	1	1	1	1
20	1	12	0	0	0	1	1
20	12	12	0	0	0	0	0
20	15	12	1	1	1	0	0
20	39	12	1	1	0	0	1
21	3	1	1	1	1	0	0
21	16	1	0	0	0	0	0
21	25	1	1	1	1	1	1
21	38	1	1	1	1	1	0
21	9	2	1	0	0	1	1
21	23	2	1	1	0	0	0
21	42	2	1	0	0	0	1
21	47	2	1	0	1	1	1
21	6	3	1	0	1	0	0
21	14	3	1	1	0	0	0
21	41	3	1	1	0	0	1
21	43	3	1	1	1	0	1
21	8	4	1	1	1	1	1
21	27	4	1	1	1	0	1
21	29	4	1	1	0	0	0
21	32	4	1	1	1	1	1
21	4	5	1	1	1	0	0
21	17	5	0	0	0	1	1
21	22	5	1	1	0	0	0
21	24	5	1	1	1	1	1
21	10	6	0	1	1	0	0
21	15	6	1	1	0	0	0
21	26	6	1	1	1	0	0
21	28	6	1	0	1	0	0
21	1	7	1	1	0	0	1
21	12	7	1	1	0	0	1
21	19	7	1	1	0	0	1
21	44	7	1	0	0	0	1
21	2	8	1	1	1	0	0
21	7	8	1	1	1	0	1
21	35	8	1	1	1	0	0
21	40	8	0	1	0	0	0
21	11	9	1	0	0	0	1
21	13	9	1	0	1	0	1
21	18	9	0	1	0	0	1
21	34	9	1	1	1	1	1
21	5	10	1	0	0	0	1
21	33	10	0	0	0	0	0
21	36	10	0	1	0	0	0
21	48	10	1	1	1	0	0
21	20	11	1	0	1	0	1
21	21	11	1	1	1	1	1
21	31	11	1	1	1	0	1
21	45	11	1	1	1	1	1
21	30	12	1	0	0	0	0
21	37	12	0	0	0	0	0
21	39	12	1	0	1	1	0
21	46	12	1	1	1	0	0
22	15	1	1	1	1	1	1
22	22	1	0	0	1	1	1
22	30	1	1	1	1	1	1
22	39	1	1	1	1	1	1
22	3	2	1	0	0	1	1
22	6	2	1	1	1	1	1
22	21	2	0	0	0	1	1
22	40	2	1	1	1	0	0
22	11	3	1	1	1	1	1
22	19	3	1	1	1	1	1
22	36	3	1	1	1	1	1
22	45	3	1	1	1	1	1
22	27	4	1	0	1	1	1
22	42	4	1	1	1	1	1
22	47	4	1	1	1	1	1
22	48	4	1	1	0	1	0
22	5	5	0	0	1	1	0
22	12	5	0	0	0	0	1
22	24	5	0	0	1	0	1
22	44	5	1	1	1	0	0
22	13	6	1	1	1	0	0
22	18	6	1	0	0	0	1
22	28	6	1	0	0	1	1
22	32	6	1	1	1	1	1
22	4	7	0	0	0	0	0
22	9	7	1	1	1	1	1
22	33	7	1	1	1	0	0
22	35	7	1	1	1	1	1
22	7	8	0	0	0	1	0
22	8	8	1	1	1	1	1
22	29	8	1	0	0	0	1
22	38	8	1	1	1	1	1
22	14	9	1	0	1	0	0
22	17	9	1	1	0	0	1
22	37	9	1	1	1	0	0
22	46	9	0	0	1	1	1
22	20	10	1	1	0	0	0
22	34	10	1	1	1	1	1
22	41	10	1	0	0	0	1
22	43	10	1	1	1	0	0
22	1	11	1	1	1	1	1
22	10	11	1	1	1	1	1
22	23	11	1	1	1	1	1
22	25	11	0	0	1	1	1
22	2	12	1	1	1	0	0
22	16	12	0	0	1	1	1
22	26	12	1	1	1	0	0
22	31	12	1	1	0	0	1
23	6	1	1	1	1	1	1
23	7	1	0	0	1	1	1
23	45	1	1	0	0	0	1
23	48	1	1	1	1	1	1
23	16	2	1	0	1	1	1
23	30	2	1	1	0	0	1
23	33	2	1	1	1	0	1
23	42	2	1	1	0	0	1
23	2	3	1	0	0	1	0
23	24	3	0	0	0	0	1
23	26	3	1	1	1	1	1
23	40	3	0	0	0	0	0
23	19	4	1	1	1	0	1
23	21	4	1	1	1	1	1
23	28	4	0	0	0	1	1
23	46	4	1	1	1	0	1
23	8	5	1	1	0	0	0
23	14	5	1	1	1	1	1
23	38	5	1	1	1	0	1
23	44	5	1	1	1	1	1
23	9	6	0	0	0	0	0
23	27	6	1	0	0	0	0
23	31	6	1	1	1	0	0
23	36	6	0	0	0	1	1
23	10	7	1	1	0	0	0
23	22	7	1	1	0	0	1
23	34	7	1	0	0	0	0
23	41	7	0	0	1	1	1
23	4	8	1	1	1	1	1
23	15	8	1	0	0	0	1
23	18	8	1	0	0	0	1
23	29	8	1	1	1	0	0
23	1	9	1	1	0	1	1
23	3	9	0	0	0	1	0
23	5	9	0	0	0	0	1
23	32	9	1	1	0	0	0
23	20	10	1	1	0	1	0
23	35	10	0	0	0	0	1
23	37	10	1	1	1	1	1
23	47	10	1	1	1	1	1
23	11	11	1	1	1	1	1
23	13	11	1	1	1	1	1
23	25	11	1	1	1	1	1
23	43	11	1	1	0	0	1
23	12	12	0	0	0	0	0
23	17	12	1	0	0	1	1
23	23	12	1	0	0	0	0
23	39	12	0	1	1	0	1
24	10	1	1	1	0	1	1
24	16	1	1	1	1	1	1
24	18	1	0	0	1	1	1
24	31	1	0	0	0	1	1
24	3	2	1	0	1	1	1
24	5	2	1	1	1	1	1
24	34	2	0	1	1	1	1
24	43	2	1	1	1	1	1
24	25	3	1	1	1	1	1
24	27	3	1	1	0	0	1
24	45	3	1	0	0	0	1
24	47	3	0	0	0	0	1
24	12	4	1	0	0	0	1
24	15	4	0	0	0	0	1
24	17	4	0	0	0	0	1
24	39	4	1	1	1	1	1
24	13	5	1	1	0	0	1
24	14	5	1	1	0	0	0
24	32	5	0	0	0	1	1
24	48	5	0	0	0	0	0
24	7	6	1	1	1	0	0
24	21	6	0	0	0	0	1
24	24	6	0	0	0	0	1
24	26	6	0	0	0	0	1
24	2	7	0	0	0	0	0
24	4	7	1	1	1	0	0
24	28	7	0	0	0	0	1
24	30	7	1	1	1	1	1
24	8	8	0	0	0	0	0
24	11	8	1	1	1	1	1
24	41	8	1	0	0	1	1
24	42	8	1	1	0	1	1
24	9	9	1	0	0	0	0
24	20	9	1	1	1	1	1
24	23	9	0	0	0	0	1
24	29	9	0	0	0	1	1
24	1	10	1	1	0	1	0
24	33	10	0	0	0	1	0
24	36	10	0	0	0	0	1
24	38	10	0	0	0	0	1
24	22	11	1	1	1	1	1
24	40	11	1	1	1	1	1
24	44	11	1	1	1	1	0
24	46	11	0	0	0	0	1
24	6	12	1	1	1	1	1
24	19	12	0	0	0	0	1
24	35	12	0	1	0	0	0
24	37	12	1	1	0	0	1
25	12	1	1	1	0	0	1
25	39	1	1	0	0	1	1
25	40	1	1	0	0	1	1
25	46	1	0	0	1	1	1
25	21	2	1	0	0	1	1
25	24	2	1	0	0	0	1
25	34	2	0	1	1	0	0
25	35	2	1	1	1	0	1
25	16	3	1	1	1	1	1
25	27	3	1	1	0	0	1
25	32	3	0	0	0	1	1
25	37	3	1	1	1	1	1
25	17	4	1	0	1	1	1
25	20	4	1	1	1	1	1
25	43	4	1	1	1	1	1
25	45	4	1	0	1	1	1
25	4	5	1	1	1	1	1
25	8	5	1	1	1	1	1
25	9	5	1	1	1	1	0
25	13	5	0	0	0	1	1
25	7	6	1	0	0	1	1
25	25	6	1	1	0	1	1
25	26	6	0	1	1	0	1
25	48	6	1	1	1	1	1
25	11	7	1	1	1	1	0
25	22	7	1	1	0	0	0
25	31	7	1	1	0	0	0
25	41	7	0	0	0	1	1
25	6	8	1	0	0	0	1
25	18	8	1	1	1	1	1
25	30	8	1	0	0	0	1
25	42	8	0	0	0	0	1
25	2	9	1	1	1	1	1
25	15	9	1	0	0	0	0
25	19	9	1	1	1	1	0
25	38	9	1	1	0	0	1
25	10	10	1	1	1	1	1
25	14	10	1	1	0	0	1
25	23	10	1	1	1	1	1
25	29	10	0	0	0	0	0
25	1	11	1	1	1	1	1
25	33	11	1	0	0	0	1
25	36	11	1	1	1	1	1
25	44	11	1	0	0	1	1
25	3	12	1	1	1	0	1
25	5	12	1	1	1	1	1
25	28	12	0	1	0	0	1
25	47	12	1	1	1	0	0
26	2	1	1	1	1	1	1
26	3	1	1	1	1	1	1
26	6	1	0	1	1	1	1
26	48	1	1	1	1	1	1
26	8	2	1	1	1	1	1
26	17	2	1	0	1	1	1
26	32	2	1	1	1	1	1
26	44	2	1	1	1	1	1
26	7	3	1	1	0	1	1
26	18	3	0	1	1	1	1
26	19	3	1	1	1	1	1
26	29	3	1	1	1	1	1
26	10	4	1	1	1	0	0
26	11	4	1	1	1	1	1
26	28	4	1	1	1	1	1
26	36	4	1	0	0	1	1
26	1	5	1	1	1	1	1
26	4	5	1	1	1	1	1
26	30	5	1	1	1	1	1
26	34	5	1	1	1	1	1
26	16	6	0	0	0	1	1
26	23	6	0	0	0	0	0
26	33	6	1	0	0	0	0
26	35	6	1	1	1	1	1
26	5	7	1	1	1	1	1
26	13	7	0	0	0	1	1
26	37	7	1	1	1	1	1
26	39	7	1	1	1	1	1
26	15	8	0	0	0	0	0
26	26	8	1	0	0	1	1
26	38	8	1	1	0	1	1
26	46	8	1	1	0	0	0
26	12	9	0	0	1	0	1
26	40	9	0	0	0	1	1
26	45	9	1	1	1	1	1
26	47	9	1	0	0	1	1
26	21	10	0	0	0	1	1
26	27	10	1	1	1	1	1
26	42	10	1	1	1	0	1
26	43	10	1	1	1	1	1
26	14	11	1	1	1	1	1
26	22	11	1	1	1	1	1
26	24	11	1	1	1	1	1
26	41	11	1	1	1	1	1
26	9	12	1	1	1	1	1
26	20	12	1	1	1	1	1
26	25	12	0	0	1	1	1
26	31	12	1	1	1	1	1
27	8	1	1	0	1	1	1
27	11	1	1	1	0	0	0
27	15	1	1	1	0	0	1
27	17	1	0	0	0	0	0
27	5	2	1	1	1	0	0
27	9	2	0	0	1	0	1
27	16	2	1	0	1	1	1
27	46	2	1	1	1	0	0
27	1	3	0	0	0	0	1
27	32	3	0	0	0	0	1
27	42	3	1	1	1	1	1
27	43	3	1	1	0	0	1
27	7	4	1	1	0	1	1
27	34	4	1	1	0	1	0
27	37	4	1	1	1	0	1
27	45	4	0	0	0	0	1
27	14	5	1	0	1	0	0
27	21	5	1	1	1	1	1
27	35	5	1	1	1	1	1
27	39	5	1	1	1	1	0
27	19	6	1	1	1	0	0
27	23	6	1	1	1	1	1
27	26	6	0	0	1	0	0
27	30	6	1	1	1	1	1
27	3	7	1	1	1	1	0
27	18	7	1	1	0	0	0
27	22	7	1	1	1	0	1
27	29	7	1	0	1	0	0
27	4	8	1	0	0	0	0
27	10	8	0	0	0	0	1
27	13	8	1	1	0	0	1
27	47	8	1	1	1	0	0
27	12	9	1	1	0	1	1
27	20	9	0	0	0	0	1
27	28	9	0	0	0	1	1
27	41	9	0	1	1	1	1
27	2	10	0	0	0	0	0
27	6	10	1	0	1	0	1
27	40	10	1	1	0	0	1
27	48	10	0	0	0	0	1
27	25	11	1	0	1	1	1
27	27	11	1	1	1	1	1
27	31	11	1	1	1	0	0
27	36	11	1	1	1	0	1
27	24	12	1	1	0	0	1
27	33	12	1	1	0	0	1
27	38	12	1	1	1	0	0
27	44	12	0	0	1	0	0
28	15	1	1	0	0	0	1
28	16	1	1	1	1	1	1
28	21	1	1	1	1	1	1
28	39	1	1	1	1	1	1
28	20	2	1	1	0	1	1
28	28	2	1	0	0	0	0
28	40	2	0	0	0	1	1
28	47	2	1	1	1	1	0
28	8	3	1	1	1	1	1
28	10	3	1	1	1	1	1
28	14	3	1	1	1	0	0
28	43	3	1	1	1	1	1
28	4	4	0	0	1	1	0
28	13	4	1	1	0	0	1
28	23	4	1	0	0	0	0
28	32	4	0	0	1	1	1
28	3	5	1	1	1	1	1
28	24	5	1	1	0	1	0
28	26	5	1	1	1	1	0
28	30	5	1	1	1	1	1
28	18	6	0	0	1	1	1
28	25	6	0	0	0	0	1
28	27	6	0	0	0	0	1
28	42	6	0	0	0	0	0
28	12	7	1	1	1	0	0
28	31	7	0	0	0	0	0
28	35	7	0	0	0	0	0
28	48	7	0	1	0	0	0
28	1	8	1	1	1	1	1
28	17	8	1	1	1	1	0
28	29	8	1	1	0	0	0
28	37	8	1	1	1	1	1
28	7	9	0	0	0	1	0
28	11	9	1	1	0	0	0
28	22	9	0	0	0	0	0
28	45	9	0	0	0	0	0
28	2	10	1	1	1	0	1
28	9	10	0	0	0	0	1
28	38	10	1	1	0	0	0
28	41	10	0	0	0	0	1
28	6	11	1	1	1	0	0
28	19	11	1	1	0	0	0
28	36	11	1	0	0	0	0
28	46	11	1	1	1	1	1
28	5	12	1	0	0	0	0
28	33	12	1	1	0	1	0
28	34	12	1	1	0	0	0
28	44	12	0	0	0	0	0
29	16	1	1	1	1	1	1
29	21	1	1	1	1	0	0
29	25	1	1	1	1	1	1
29	27	1	1	1	1	1	1
29	8	2	1	1	1	1	1
29	30	2	1	1	0	0	0
29	38	2	1	1	1	1	1
29	41	2	1	1	0	0	0
29	6	3	1	1	1	0	0
29	24	3	1	1	0	0	1
29	34	3	1	1	1	1	1
29	47	3	1	1	1	1	1
29	4	4	1	1	1	0	1
29	17	4	0	0	0	0	0
29	31	4	1	1	1	1	1
29	42	4	1	1	1	1	1
29	3	5	1	1	1	1	0
29	7	5	1	1	1	0	0
29	33	5	1	1	1	1	1
29	48	5	0	0	0	0	0
29	15	6	1	1	1	1	1
29	23	6	1	0	0	0	1
29	32	6	1	1	1	1	1
29	40	6	1	1	0	0	0
29	1	7	1	0	0	0	1
29	11	7	1	1	1	1	0
29	36	7	1	1	1	1	1
29	46	7	1	1	1	1	0
29	2	8	1	0	0	1	1
29	9	8	0	0	1	1	1
29	19	8	0	0	0	0	0
29	22	8	0	0	0	0	0
29	12	9	1	0	0	1	1
29	14	9	1	1	1	1	1
29	20	9	0	0	0	0	0
29	45	9	1	1	0	0	0
29	10	10	1	1	0	1	1
29	28	10	1	1	1	1	1
29	43	10	1	1	0	0	1
29	44	10	1	1	1	0	0
29	5	11	1	1	0	0	0
29	18	11	1	1	1	1	0
29	29	11	1	1	0	0	1
29	39	11	1	1	1	1	0
29	13	12	1	1	0	0	0
29	26	12	1	1	1	1	1
29	35	12	1	0	0	1	1
29	37	12	1	1	1	0	0
30	3	1	1	1	1	0	0
30	7	1	1	1	1	1	1
30	35	1	1	1	1	1	1
30	36	1	1	1	0	0	1
30	22	2	1	1	1	1	1
30	27	2	1	1	1	1	1
30	33	2	1	1	1	1	1
30	34	2	1	1	1	1	1
30	6	3	1	0	0	0	0
30	10	3	0	0	0	1	1
30	16	3	1	1	1	1	0
30	38	3	1	1	1	1	1
30	11	4	1	1	0	0	1
30	15	4	0	0	0	0	0
30	21	4	1	1	0	1	1
30	39	4	1	1	1	1	1
30	5	5	1	1	1	1	1
30	17	5	0	0	0	0	1
30	46	5	1	1	1	1	1
30	48	5	1	1	1	1	1
30	1	6	1	1	0	0	1
30	31	6	1	1	1	1	1
30	32	6	0	1	0	0	0
30	37	6	1	1	1	1	1
30	19	7	1	1	1	1	1
30	25	7	1	1	1	1	1
30	42	7	1	1	1	1	1
30	43	7	1	1	0	0	0
30	4	8	0	0	0	0	1
30	18	8	0	0	0	0	1
30	24	8	1	1	1	1	1
30	26	8	1	1	1	0	0
30	9	9	1	0	0	0	0
30	20	9	0	0	0	1	1
30	23	9	1	1	1	1	1
30	40	9	1	1	1	1	1
30	8	10	0	0	1	1	1
30	13	10	1	0	0	1	1
30	14	10	1	0	0	0	0
30	45	10	1	0	0	0	1
30	28	11	1	1	1	1	1
30	29	11	1	1	1	1	1
30	30	11	1	1	1	1	1
30	47	11	1	1	1	1	1
30	2	12	1	1	1	1	1
30	12	12	0	0	0	1	1
30	41	12	1	1	0	0	1
30	44	12	1	1	1	1	0
31	13	1	0	0	0	0	0
31	18	1	1	0	0	1	1
31	22	1	1	0	0	0	0
31	25	1	0	0	0	0	0
31	8	2	1	1	1	1	1
31	28	2	0	1	1	0	1
31	37	2	0	1	0	0	0
31	47	2	0	0	0	0	1
31	12	3	1	1	1	0	0
31	15	3	1	0	0	0	1
31	33	3	0	1	0	0	1
31	43	3	0	0	1	0	0
31	21	4	1	0	0	0	0
31	35	4	1	1	0	0	0
31	36	4	1	0	0	0	1
31	41	4	1	1	1	1	1
31	4	5	1	1	1	1	1
31	17	5	1	0	0	0	1
31	19	5	1	0	0	0	0
31	40	5	1	0	0	0	0
31	27	6	1	1	1	0	1
31	31	6	0	0	0	0	1
31	32	6	1	1	0	0	0
31	45	6	0	0	1	1	0
31	2	7	1	1	1	0	0
31	6	7	0	0	0	0	0
31	11	7	1	1	1	1	1
31	14	7	1	1	1	1	1
31	5	8	1	1	0	0	0
31	10	8	0	0	0	0	0
31	16	8	1	1	0	0	1
31	30	8	0	0	0	1	1
31	7	9	1	0	0	0	0
31	20	9	1	1	1	1	1
31	39	9	0	0	0	1	1
31	48	9	0	1	0	0	0
31	3	10	0	0	0	0	1
31	26	10	1	0	0	0	0
31	29	10	0	0	0	0	0
31	46	10	1	0	0	1	1
31	1	11	0	0	0	0	1
31	9	11	1	1	1	1	1
31	24	11	1	1	0	0	1
31	42	11	0	0	1	0	1
31	23	12	1	1	1	1	1
31	34	12	1	0	0	1	1
31	38	12	1	0	0	0	1
31	44	12	1	1	1	1	0
32	14	1	1	0	1	0	0
32	19	1	0	0	1	1	1
32	20	1	1	0	1	1	1
32	36	1	0	1	0	1	1
32	2	2	0	0	0	0	0
32	26	2	1	0	0	0	1
32	28	2	1	1	1	1	1
32	34	2	1	1	1	1	1
32	15	3	0	0	0	0	0
32	35	3	1	1	1	0	1
32	40	3	1	1	1	1	1
32	47	3	0	1	1	1	1
32	10	4	1	0	0	0	0
32	27	4	1	1	1	1	0
32	43	4	1	1	1	0	0
32	46	4	1	0	1	0	0
32	6	5	1	1	1	1	0
32	7	5	1	1	1	1	1
32	41	5	1	1	1	1	1
32	48	5	1	1	1	1	1
32	3	6	1	0	0	0	0
32	5	6	0	0	0	0	0
32	23	6	1	1	1	0	0
32	31	6	1	1	1	0	0
32	1	7	1	1	0	1	0
32	4	7	1	1	1	0	0
32	11	7	0	1	1	0	0
32	12	7	1	0	0	0	0
32	21	8	0	0	0	0	0
32	24	8	0	0	0	0	0
32	29	8	0	0	0	0	0
32	42	8	1	1	1	1	1
32	16	9	0	0	0	0	1
32	22	9	0	1	1	0	0
32	30	9	0	0	0	0	0
32	45	9	1	1	1	1	1
32	9	10	0	0	0	1	1
32	33	10	0	0	0	1	0
32	38	10	1	1	1	0	0
32	39	10	1	1	1	1	1
32	17	11	1	1	1	0	0
32	18	11	1	1	1	1	1
32	25	11	1	1	0	0	1
32	32	11	1	1	1	1	0
32	8	12	0	0	0	0	1
32	13	12	0	0	0	0	0
32	37	12	0	0	1	0	1
32	44	12	1	0	0	0	0
33	13	1	1	1	1	1	1
33	24	1	1	1	1	1	0
33	42	1	1	1	1	1	1
33	43	1	1	1	1	1	1
33	6	2	1	0	1	1	1
33	31	2	1	0	0	1	1
33	33	2	1	0	0	0	0
33	41	2	1	1	0	0	1
33	17	3	1	1	1	1	1
33	30	3	1	1	1	0	0
33	32	3	1	1	1	0	1
33	37	3	1	1	1	1	1
33	16	4	1	1	1	1	1
33	22	4	1	1	1	0	0
33	25	4	1	1	1	1	1
33	34	4	1	1	1	1	0
33	8	5	1	1	1	1	1
33	18	5	1	1	1	0	0
33	23	5	1	0	0	1	1
33	39	5	1	1	0	0	1
33	10	6	1	1	1	1	1
33	12	6	0	0	0	0	1
33	35	6	1	1	1	0	1
33	44	6	0	1	1	0	1
33	26	7	0	0	1	1	1
33	27	7	1	0	0	1	1
33	40	7	1	1	1	1	0
33	45	7	1	1	1	1	1
33	2	8	0	1	0	0	0
33	15	8	1	1	1	1	1
33	29	8	0	0	1	1	1
33	47	8	1	1	0	0	1
33	3	9	1	1	0	0	0
33	11	9	1	1	0	0	0
33	19	9	1	1	1	1	1
33	21	9	0	1	0	0	1
33	1	10	1	1	0	0	0
33	20	10	1	1	0	0	1
33	28	10	1	0	0	1	1
33	36	10	0	1	0	0	1
33	5	11	1	1	1	1	0
33	7	11	1	1	1	1	0
33	9	11	1	1	1	0	0
33	38	11	1	1	1	1	1
33	4	12	1	0	0	1	1
33	14	12	1	0	1	1	1
33	46	12	1	1	1	0	1
33	48	12	0	0	1	1	0
34	1	1	1	1	1	1	1
34	44	1	1	1	1	1	1
34	45	1	1	1	1	1	1
34	47	1	0	1	1	0	0
34	9	2	1	1	1	1	1
34	12	2	1	1	1	1	0
34	21	2	1	1	1	1	0
34	33	2	1	0	1	1	1
34	22	3	1	1	1	1	1
34	25	3	1	1	1	1	1
34	30	3	1	1	1	0	0
34	39	3	0	0	0	1	1
34	17	4	1	1	1	1	1
34	34	4	1	1	0	0	1
34	46	4	1	1	1	1	1
34	48	4	1	1	1	1	1
34	4	5	1	1	1	1	1
34	20	5	1	1	1	1	1
34	29	5	1	1	1	1	1
34	38	5	1	1	1	1	1
34	15	6	1	1	0	0	0
34	23	6	0	0	0	0	0
34	31	6	1	0	0	0	0
34	32	6	1	1	1	1	0
34	2	7	0	0	0	0	1
34	5	7	1	1	0	0	0
34	8	7	1	0	0	0	0
34	36	7	1	0	0	0	1
34	3	8	0	0	0	0	0
34	14	8	0	0	0	0	1
34	37	8	1	1	1	1	1
34	42	8	1	0	1	1	1
34	13	9	1	1	1	1	1
34	40	9	1	1	1	1	1
34	41	9	1	1	1	1	0
34	43	9	0	0	1	1	1
34	10	10	1	1	1	0	1
34	11	10	0	0	0	0	0
34	19	10	0	1	0	0	0
34	24	10	1	1	0	1	0
34	6	11	1	1	1	1	0
34	16	11	1	0	0	1	1
34	27	11	1	1	1	1	0
34	28	11	1	1	0	0	1
34	7	12	0	1	1	0	0
34	18	12	1	1	0	1	0
34	26	12	1	1	0	0	1
34	35	12	1	1	0	0	0
35	13	1	1	1	1	1	1
35	24	1	1	1	1	1	1
35	26	1	1	1	1	1	1
35	44	1	0	0	0	0	1
35	15	2	1	1	1	0	0
35	23	2	1	0	1	0	1
35	30	2	1	0	0	0	1
35	37	2	1	1	1	1	1
35	28	3	1	1	1	1	1
35	29	3	1	1	1	1	0
35	35	3	1	1	1	1	1
35	42	3	1	1	0	1	1
35	7	4	1	0	1	0	1
35	17	4	1	1	1	1	1
35	39	4	0	1	1	1	1
35	46	4	1	1	1	1	1
35	6	5	1	1	0	0	0
35	8	5	1	1	1	1	1
35	16	5	1	1	1	0	0
35	38	5	1	1	1	1	1
35	2	6	1	1	1	1	0
35	14	6	0	0	0	1	0
35	36	6	1	1	0	1	0
35	45	6	1	0	0	0	0
35	4	7	1	1	1	1	1
35	5	7	1	1	0	0	1
35	9	7	1	1	0	0	0
35	27	7	1	1	1	1	1
35	25	8	1	0	0	0	0
35	34	8	1	1	0	0	0
35	47	8	1	1	1	1	1
35	48	8	1	1	1	1	1
35	1	9	1	1	1	1	1
35	3	9	0	0	1	0	0
35	32	9	0	0	0	0	0
35	41	9	1	1	1	1	1
35	10	10	0	0	0	0	1
35	21	10	1	1	0	1	1
35	22	10	0	0	0	0	1
35	43	10	1	1	0	0	0
35	11	11	1	1	1	1	1
35	18	11	1	1	1	1	1
35	33	11	1	1	1	1	1
35	40	11	1	1	1	1	1
35	12	12	0	0	0	0	0
35	19	12	1	0	1	1	0
35	20	12	1	0	0	0	0
35	31	12	1	0	0	0	0
36	23	1	1	1	0	0	1
36	27	1	1	1	0	1	0
36	28	1	0	1	0	0	0
36	39	1	1	1	0	0	0
36	7	2	1	1	0	0	0
36	19	2	1	0	0	0	1
36	36	2	1	0	0	0	0
36	40	2	1	0	0	1	1
36	2	3	1	1	0	0	0
36	12	3	0	0	0	0	0
36	16	3	1	0	0	1	1
36	47	3	1	1	0	1	1
36	9	4	1	0	0	0	1
36	17	4	0	1	0	0	0
36	37	4	1	0	0	1	0
36	42	4	0	0	0	0	1
36	24	5	1	1	0	0	0
36	38	5	1	1	0	0	0
36	41	5	0	0	0	0	0
36	43	5	1	0	0	0	0
36	5	6	1	1	1	0	0
36	22	6	1	0	0	0	1
36	29	6	0	0	0	0	0
36	35	6	1	0	0	0	0
36	14	7	1	1	0	0	0
36	18	7	1	1	0	0	0
36	33	7	1	1	0	0	0
36	46	7	0	0	0	0	0
36	3	8	0	0	0	0	0
36	11	8	0	0	1	1	1
36	13	8	1	1	1	1	1
36	30	8	1	0	0	1	1
36	1	9	1	1	0	1	0
36	15	9	1	0	0	0	0
36	20	9	1	0	0	0	0
36	25	9	1	0	0	1	1
36	10	10	1	0	0	1	0
36	21	10	1	1	0	0	1
36	34	10	0	1	1	0	0
36	48	10	1	0	1	0	0
36	6	11	0	0	0	0	1
36	8	11	1	0	1	0	0
36	26	11	1	0	0	0	1
36	44	11	0	0	1	0	1
36	4	12	1	0	0	0	0
36	31	12	0	0	0	1	1
36	32	12	1	0	0	0	1
36	45	12	0	0	0	0	1
37	6	1	1	1	1	1	1
37	9	1	1	0	1	0	0
37	12	1	1	1	1	1	1
37	44	1	1	1	1	1	0
37	2	2	0	0	1	1	0
37	4	2	1	1	1	0	0
37	28	2	1	1	1	1	1
37	32	2	0	1	1	1	0
37	3	3	1	1	0	1	0
37	11	3	1	0	0	0	0
37	30	3	1	1	0	1	1
37	46	3	1	0	0	0	0
37	25	4	1	1	0	0	1
37	29	4	1	1	1	0	1
37	35	4	1	1	1	1	0
37	47	4	0	0	0	0	1
37	13	5	0	0	0	0	0
37	16	5	1	1	1	1	0
37	20	5	1	1	1	1	1
37	48	5	1	1	0	0	0
37	22	6	1	0	0	0	0
37	41	6	1	1	0	0	0
37	43	6	1	1	0	1	0
37	45	6	0	1	0	0	0
37	1	7	1	1	1	1	1
37	7	7	1	0	1	0	1
37	23	7	0	1	1	0	0
37	40	7	1	1	0	0	0
37	10	8	0	0	0	0	0
37	15	8	1	1	0	0	0
37	17	8	1	1	1	1	0
37	42	8	0	0	1	0	1
37	8	9	0	0	0	0	1
37	14	9	1	1	0	1	0
37	24	9	1	0	0	1	0
37	33	9	1	1	1	1	1
37	18	10	0	0	0	0	0
37	21	10	0	1	0	0	0
37	34	10	1	0	0	0	0
37	37	10	1	0	1	0	0
37	5	11	1	1	1	0	0
37	19	11	1	1	1	0	0
37	31	11	1	1	1	0	1
37	38	11	1	0	1	0	1
37	26	12	1	0	0	0	0
37	27	12	0	1	0	0	1
37	36	12	1	1	1	1	0
37	39	12	1	0	0	1	0
38	19	1	1	1	1	1	1
38	29	1	1	1	1	1	1
38	33	1	1	1	1	1	1
38	43	1	1	1	1	1	1
38	14	2	1	1	1	1	1
38	17	2	1	1	1	1	1
38	21	2	1	1	1	1	1
38	30	2	0	0	0	1	1
38	8	3	1	1	1	1	1
38	11	3	1	1	1	1	1
38	25	3	1	1	0	1	1
38	28	3	1	1	1	1	1
38	18	4	1	1	1	1	1
38	35	4	1	1	1	1	1
38	41	4	1	1	1	0	1
38	46	4	1	1	1	1	1
38	2	5	1	1	1	1	1
38	3	5	1	1	1	1	1
38	15	5	1	1	1	1	1
38	23	5	1	1	1	1	1
38	6	6	1	1	1	1	1
38	22	6	1	1	1	1	0
38	24	6	1	1	1	1	1
38	39	6	1	1	1	1	1
38	1	7	1	1	0	1	1
38	5	7	1	1	1	1	1
38	36	7	0	0	1	1	1
38	44	7	1	1	1	1	1
38	12	8	0	0	1	0	0
38	27	8	1	1	1	1	1
38	34	8	1	1	1	0	0
38	45	8	1	1	0	0	0
38	10	9	1	1	1	1	1
38	13	9	1	1	1	1	1
38	16	9	0	1	1	1	1
38	38	9	1	1	1	1	1
38	26	10	0	0	0	0	1
38	32	10	1	1	1	1	1
38	40	10	1	1	0	0	1
38	42	10	0	0	0	0	0
38	7	11	1	1	1	1	1
38	9	11	1	1	1	1	1
38	37	11	1	1	1	1	1
38	47	11	1	1	1	1	1
38	4	12	1	1	0	0	0
38	20	12	1	1	1	0	0
38	31	12	1	0	1	1	1
38	48	12	1	1	1	1	1
39	17	1	1	1	1	0	1
39	24	1	1	1	1	1	0
39	31	1	1	1	0	0	1
39	42	1	1	0	1	1	1
39	4	2	1	1	0	0	1
39	30	2	1	1	1	1	1
39	33	2	1	1	1	1	1
39	45	2	1	0	1	1	1
39	12	3	1	1	0	0	0
39	16	3	1	1	1	1	1
39	19	3	1	1	1	0	1
39	44	3	1	1	1	1	1
39	11	4	1	1	1	0	0
39	40	4	1	1	1	1	1
39	43	4	1	1	0	0	1
39	46	4	1	1	1	1	1
39	20	5	1	1	1	0	0
39	25	5	1	1	1	1	1
39	36	5	1	1	1	0	0
39	47	5	1	1	1	1	1
39	10	6	1	1	0	1	1
39	14	6	1	0	0	0	1
39	27	6	1	1	1	1	1
39	34	6	1	1	1	1	1
39	3	7	1	0	0	0	1
39	5	7	1	1	1	1	0
39	22	7	1	1	1	1	1
39	23	7	1	0	0	0	1
39	15	8	1	1	0	1	1
39	21	8	0	0	0	0	0
39	32	8	1	1	0	0	1
39	35	8	1	1	0	0	1
39	2	9	1	0	0	0	1
39	9	9	1	1	1	1	1
39	26	9	1	1	1	1	1
39	38	9	1	1	1	1	1
39	1	10	1	1	1	1	1
39	6	10	1	1	0	1	0
39	13	10	1	1	0	0	1
39	18	10	1	1	0	0	1
39	7	11	1	1	1	1	1
39	8	11	0	0	1	1	1
39	37	11	1	1	1	1	1
39	41	11	1	1	1	1	1
39	28	12	1	1	1	0	0
39	29	12	1	1	0	1	1
39	39	12	1	1	1	1	1
39	48	12	1	1	1	1	1
40	32	1	0	1	1	0	0
40	37	1	1	1	1	1	1
40	38	1	1	1	1	0	1
40	42	1	1	1	0	1	0
40	15	2	1	1	0	1	0
40	24	2	1	1	1	1	1
40	26	2	0	0	0	1	1
40	36	2	0	1	0	1	0
40	4	3	1	1	1	0	0
40	8	3	1	1	0	0	0
40	46	3	1	1	1	1	1
40	48	3	1	0	0	1	1
40	13	4	1	1	1	1	1
40	30	4	1	0	0	0	1
40	40	4	1	1	1	1	1
40	41	4	1	1	1	1	1
40	7	5	0	1	1	1	0
40	12	5	1	1	1	1	1
40	14	5	1	1	0	0	0
40	27	5	1	1	1	1	0
40	1	6	1	0	0	0	1
40	16	6	1	0	0	0	1
40	21	6	1	0	0	0	1
40	31	6	1	1	1	1	1
40	17	7	1	1	0	0	0
40	28	7	0	0	1	0	0
40	33	7	1	0	0	0	0
40	44	7	1	1	0	0	0
40	10	8	0	1	1	0	0
40	11	8	1	1	1	0	1
40	25	8	0	1	0	0	0
40	29	8	0	1	1	1	1
40	5	9	1	1	1	0	0
40	22	9	1	0	0	0	0
40	34	9	0	0	1	1	1
40	39	9	1	1	1	0	0
40	2	10	0	1	0	0	1
40	6	10	1	1	1	1	1
40	19	10	0	0	0	0	0
40	43	10	1	1	1	1	1
40	3	11	1	1	1	1	1
40	18	11	0	0	0	1	1
40	23	11	1	1	0	0	0
40	35	11	1	1	1	1	1
40	9	12	1	1	1	0	0
40	20	12	1	1	1	1	1
40	45	12	1	0	1	0	1
40	47	12	1	1	1	1	1
